71 IP 1 4.738e-10
71 IP 2 4.671e-10
71 IP 3 4.671e-10
71 IP 4 4.671e-10
71 IP 5 5.595e-10
71 IP 6 1.000e+00
71 IP 7 4.708e-10
71 IP 8 5.095e-10
71 IP 9 4.671e-10
71 IP 10 4.671e-10
71 IP 11 4.671e-10
71 IP 12 4.706e-10
71 IP 13 4.673e-10
71 IP 14 4.680e-10
71 IP 15 4.842e-10
71 IP 16 5.442e-10
71 IP 17 4.672e-10
71 IP 18 4.991e-10
71 IP 19 4.671e-10
71 IP 20 1.055e-09
71 IP 21 4.671e-10
71 IP 22 5.468e-10
71 IP 23 4.671e-10
71 IP 24 4.978e-10
71 EP 1 1.610e-01 1.096e-02 8.280e-01 1.212e-10
71 EP 2 2.177e-05 1.401e-09 6.796e-11 1.000e+00
71 EP 3 4.893e-10 2.084e-10 1.000e+00 4.799e-11
71 EP 4 1.300e-09 1.011e-09 4.836e-11 1.000e+00
71 EP 5 1.000e+00 4.105e-10 1.036e-10 6.077e-11
71 EP 6 9.987e-01 1.317e-03 5.654e-11 1.129e-10
71 EP 7 5.727e-01 1.674e-02 4.105e-01 1.241e-10
71 EP 8 6.151e-01 9.497e-10 3.747e-10 3.849e-01
71 EP 9 2.646e-10 1.583e-10 1.000e+00 5.834e-11
71 EP 10 8.350e-09 1.000e+00 4.665e-10 9.778e-10
71 EP 11 6.911e-09 1.000e+00 7.075e-10 1.076e-09
71 EP 12 9.959e-01 4.115e-03 3.810e-11 7.142e-08
71 EP 13 8.462e-04 1.715e-08 4.290e-11 9.992e-01
71 EP 14 5.653e-01 4.044e-03 4.306e-01 3.427e-10
71 EP 15 6.153e-01 1.824e-09 4.571e-11 3.847e-01
71 EP 16 8.953e-01 4.738e-02 6.502e-10 5.732e-02
71 EP 17 5.117e-03 9.485e-11 4.834e-11 9.949e-01
71 EP 18 8.784e-01 4.559e-02 4.138e-03 7.189e-02
71 EP 19 2.654e-09 1.373e-09 1.000e+00 1.596e-10
71 EP 20 1.000e+00 1.579e-08 4.562e-11 8.374e-11
71 EP 21 6.974e-08 1.000e+00 1.195e-09 4.651e-08
71 EP 22 8.824e-01 1.846e-07 1.176e-01 5.251e-10
71 EP 23 3.429e-03 1.245e-10 6.481e-11 9.966e-01
71 EP 24 5.264e-01 5.626e-03 4.680e-01 8.439e-10
71 TP 1 4.512e-01 9.393e-11 3.835e-08 1.264e-10 6.967e-02 1.036e-08 1.629e-09 4.304e-10 2.124e-01 3.082e-02 4.976e-10 9.543e-03 1.124e-10 4.820e-10 3.801e-10 3.720e-10 7.686e-11 4.638e-10 3.989e-09 4.117e-08 8.292e-11 2.264e-01 7.249e-11 8.148e-10
71 TP 2 1.642e-10 4.750e-01 1.543e-10 2.304e-08 6.368e-10 3.727e-02 2.588e-10 1.348e-09 1.004e-10 2.829e-10 1.255e-10 7.513e-02 4.120e-01 1.878e-10 8.930e-10 4.936e-10 6.526e-09 4.808e-10 9.187e-11 5.814e-07 5.973e-04 4.479e-10 1.007e-09 1.482e-10
71 TP 3 1.005e-08 7.329e-11 7.513e-01 5.678e-11 4.797e-10 1.212e-09 2.599e-02 1.418e-10 8.862e-04 4.557e-10 8.016e-11 1.354e-03 3.191e-10 6.243e-10 9.070e-10 6.835e-03 5.841e-11 2.466e-10 2.136e-01 6.935e-10 5.040e-11 6.715e-05 4.858e-11 4.088e-10
71 TP 4 2.866e-10 4.366e-09 4.617e-10 5.524e-01 4.646e-04 4.149e-09 5.501e-03 1.814e-01 3.437e-08 8.056e-03 2.364e-10 1.843e-09 1.642e-02 4.108e-10 1.223e-09 4.380e-10 2.213e-01 3.291e-10 5.952e-11 1.342e-02 9.568e-04 3.569e-10 1.171e-09 9.115e-11
71 TP 5 7.250e-02 1.017e-04 2.049e-03 1.008e-09 5.852e-01 4.294e-06 8.459e-03 1.238e-10 3.159e-10 8.229e-03 1.292e-01 1.711e-02 1.098e-02 1.248e-03 1.143e-01 2.202e-10 8.702e-11 2.198e-10 5.042e-02 3.158e-04 4.189e-10 1.539e-10 4.447e-10 7.898e-11
71 TP 6 1.116e-10 1.275e-10 1.656e-10 1.021e-10 5.743e-06 8.724e-01 2.357e-10 6.829e-11 7.069e-11 1.782e-10 1.076e-10 4.475e-10 2.237e-10 1.079e-09 2.526e-10 2.031e-07 4.541e-11 2.599e-06 1.744e-10 1.276e-01 7.874e-11 9.528e-11 2.123e-10 4.567e-11
71 TP 7 2.159e-02 4.602e-10 2.531e-09 2.884e-10 2.503e-09 2.763e-09 4.149e-01 4.480e-10 3.465e-09 1.183e-09 5.242e-10 1.183e-09 4.490e-10 1.532e-09 7.814e-10 8.669e-10 2.978e-10 6.378e-10 5.635e-01 2.401e-09 2.189e-10 4.846e-09 2.534e-10 9.405e-10
71 TP 8 1.124e-09 2.875e-09 4.207e-02 1.762e-09 2.580e-01 3.581e-06 2.137e-01 3.894e-01 9.433e-10 8.534e-02 2.929e-08 3.482e-08 1.204e-08 5.899e-03 7.434e-07 2.123e-09 9.577e-06 1.611e-09 4.295e-10 1.155e-07 5.583e-03 1.689e-09 1.185e-09 3.860e-10
71 TP 9 8.062e-10 1.242e-10 7.905e-04 1.790e-10 1.568e-09 8.764e-03 8.904e-06 5.848e-07 7.504e-01 7.529e-10 2.073e-10 1.201e-03 1.556e-10 3.433e-09 5.440e-04 3.287e-10 6.238e-11 1.326e-05 9.136e-09 3.503e-09 7.075e-11 5.244e-03 7.161e-11 2.331e-01
71 TP 10 1.939e-10 1.999e-10 1.033e-10 9.961e-11 1.106e-02 2.742e-01 4.999e-10 1.846e-10 1.176e-10 1.564e-02 1.484e-10 1.405e-02 3.816e-10 2.279e-10 4.779e-10 5.933e-10 8.041e-11 1.343e-07 3.130e-10 6.845e-01 1.053e-10 5.639e-04 8.813e-11 1.234e-10
71 TP 11 7.852e-03 1.224e-02 6.703e-10 3.469e-10 4.613e-01 9.212e-03 2.638e-02 3.898e-10 3.916e-09 2.246e-01 2.042e-02 7.678e-02 5.981e-02 2.508e-03 6.242e-02 4.010e-04 2.298e-10 3.387e-09 3.264e-02 7.258e-09 3.102e-10 3.526e-03 3.053e-10 2.789e-10
71 TP 12 5.120e-10 4.246e-03 7.441e-10 1.352e-09 1.118e-07 5.760e-08 1.126e-08 2.026e-09 2.713e-10 2.801e-05 8.253e-09 2.489e-01 7.468e-01 1.403e-09 7.350e-06 5.250e-10 4.713e-10 5.967e-10 1.040e-09 3.963e-07 7.753e-09 5.778e-10 1.242e-09 2.034e-10
71 TP 13 1.003e-10 6.085e-02 4.929e-11 1.038e-09 8.923e-05 1.830e-01 1.463e-10 7.381e-03 2.127e-09 1.651e-02 1.439e-10 8.524e-02 2.032e-01 7.937e-11 1.106e-09 2.766e-10 6.216e-10 2.861e-10 2.858e-11 4.437e-01 9.642e-05 1.820e-10 4.643e-10 4.807e-11
71 TP 14 1.423e-09 3.263e-10 6.418e-01 3.487e-10 8.886e-10 1.129e-09 1.348e-09 3.871e-10 1.530e-09 1.435e-09 4.778e-10 3.945e-10 3.483e-10 3.489e-01 5.873e-10 9.244e-03 6.109e-10 1.118e-09 8.721e-10 7.703e-10 2.746e-10 8.365e-10 2.863e-10 1.269e-08
71 TP 15 2.742e-10 7.556e-08 1.108e-10 2.790e-01 6.435e-02 6.214e-09 3.107e-10 4.756e-08 1.257e-04 5.913e-02 7.499e-10 6.511e-02 6.801e-09 1.787e-10 5.062e-01 3.149e-10 5.648e-10 3.904e-10 8.051e-11 1.089e-03 2.500e-02 3.516e-10 9.785e-10 9.801e-11
71 TP 16 3.579e-10 7.586e-10 1.162e-09 5.772e-10 1.391e-09 2.447e-02 4.739e-10 5.481e-10 3.368e-10 8.195e-03 1.341e-09 9.477e-10 1.622e-09 2.936e-01 2.554e-04 6.389e-01 2.621e-02 8.140e-03 2.882e-10 1.680e-09 1.580e-04 8.861e-10 4.188e-10 6.013e-10
71 TP 17 9.475e-11 1.262e-09 1.171e-02 4.842e-10 7.957e-10 1.764e-06 1.967e-10 4.495e-10 1.062e-10 1.375e-10 9.181e-11 3.591e-09 1.405e-09 1.884e-02 4.469e-10 1.844e-01 7.752e-01 2.373e-10 5.197e-11 1.903e-09 2.744e-10 2.264e-10 9.866e-03 1.072e-10
71 TP 18 4.722e-10 1.097e-08 5.011e-10 6.972e-10 7.766e-10 1.916e-09 8.588e-10 7.933e-10 1.036e-02 8.079e-04 4.960e-10 7.090e-10 6.770e-10 9.102e-10 2.451e-09 1.456e-02 3.468e-10 6.505e-01 7.720e-10 1.391e-09 2.022e-10 6.772e-10 3.198e-01 3.976e-03
71 TP 19 2.123e-07 8.112e-11 2.814e-09 6.901e-11 4.495e-04 2.781e-01 8.557e-02 1.502e-10 8.059e-04 2.046e-02 1.614e-10 2.192e-07 8.937e-11 5.586e-10 2.228e-10 5.303e-10 7.627e-11 2.729e-10 7.472e-02 5.374e-01 6.201e-11 2.486e-03 5.885e-11 6.213e-10
71 TP 20 1.409e-10 3.306e-08 4.047e-10 1.275e-10 1.712e-01 7.247e-04 1.423e-04 7.793e-11 5.788e-11 8.323e-02 4.395e-10 5.089e-02 2.272e-03 1.989e-08 2.663e-07 8.648e-11 4.640e-11 1.102e-10 5.394e-03 6.862e-01 9.448e-11 1.037e-10 4.651e-10 3.449e-11
71 TP 21 2.401e-09 1.907e-03 1.781e-09 3.132e-02 1.680e-08 5.727e-08 3.908e-09 7.827e-09 1.941e-09 2.591e-02 4.222e-09 2.229e-01 5.330e-01 2.695e-09 1.715e-01 7.583e-09 9.714e-08 1.952e-08 2.264e-09 7.447e-08 1.348e-02 8.666e-09 1.241e-08 2.344e-09
71 TP 22 5.506e-02 1.526e-01 1.151e-09 1.334e-09 1.428e-01 5.269e-08 2.546e-09 7.251e-10 9.900e-03 8.125e-02 2.726e-06 4.946e-02 4.707e-09 1.193e-09 2.910e-02 1.015e-09 5.616e-10 1.223e-09 5.231e-07 3.021e-08 5.444e-10 4.799e-01 1.040e-09 1.274e-09
71 TP 23 1.458e-10 2.049e-01 1.189e-10 8.274e-03 4.284e-10 1.122e-09 4.774e-10 7.292e-10 8.049e-11 2.050e-10 9.528e-11 6.131e-09 7.331e-03 1.304e-10 8.627e-10 2.746e-10 1.267e-09 1.746e-02 1.051e-10 2.181e-09 5.210e-10 4.117e-10 7.620e-01 1.611e-10
71 TP 24 1.100e-09 2.130e-03 1.023e-08 4.917e-10 1.105e-06 1.495e-02 4.561e-06 8.269e-10 8.946e-10 2.182e-07 8.332e-10 1.284e-09 7.861e-10 1.081e-03 3.282e-09 2.759e-09 2.654e-10 6.694e-01 2.069e-03 5.343e-08 2.374e-10 2.281e-08 2.233e-09 3.104e-01
72 IP 1 4.864e-10
72 IP 2 5.773e-10
72 IP 3 5.196e-10
72 IP 4 4.864e-10
72 IP 5 4.864e-10
72 IP 6 4.870e-10
72 IP 7 1.715e-09
72 IP 8 4.869e-10
72 IP 9 4.965e-10
72 IP 10 4.864e-10
72 IP 11 4.864e-10
72 IP 12 4.865e-10
72 IP 13 4.864e-10
72 IP 14 4.864e-10
72 IP 15 5.406e-10
72 IP 16 6.497e-10
72 IP 17 1.000e+00
72 IP 18 5.456e-10
72 IP 19 4.865e-10
72 IP 20 5.349e-10
72 IP 21 4.864e-10
72 IP 22 4.864e-10
72 IP 23 4.864e-10
72 IP 24 4.864e-10
72 EP 1 6.793e-05 2.589e-09 9.999e-01 1.453e-10
72 EP 2 7.981e-01 2.827e-02 1.736e-01 1.325e-10
72 EP 3 1.000e+00 1.161e-09 6.908e-11 5.003e-11
72 EP 4 6.216e-08 1.000e+00 6.842e-10 1.857e-08
72 EP 5 7.267e-08 3.960e-08 7.829e-08 1.000e+00
72 EP 6 6.084e-01 1.191e-09 3.916e-01 3.862e-10
72 EP 7 8.823e-01 1.016e-02 1.075e-01 8.447e-11
72 EP 8 3.474e-01 3.055e-03 9.160e-08 6.495e-01
72 EP 9 5.187e-01 1.584e-05 2.778e-10 4.812e-01
72 EP 10 6.011e-09 5.284e-10 3.129e-11 1.000e+00
72 EP 11 1.002e-08 1.067e-07 5.535e-11 1.000e+00
72 EP 12 5.077e-03 7.835e-10 9.949e-01 1.271e-10
72 EP 13 1.429e-08 1.000e+00 1.214e-09 6.480e-10
72 EP 14 6.292e-09 1.000e+00 8.293e-10 6.050e-10
72 EP 15 8.115e-01 8.520e-03 5.956e-11 1.800e-01
72 EP 16 9.281e-01 1.313e-06 3.765e-11 7.187e-02
72 EP 17 9.909e-01 9.136e-03 2.378e-10 4.653e-10
72 EP 18 8.970e-01 4.253e-02 6.046e-02 9.609e-07
72 EP 19 6.571e-01 8.223e-03 3.346e-01 5.055e-10
72 EP 20 8.795e-01 4.870e-02 4.898e-10 7.179e-02
72 EP 21 1.650e-08 3.202e-03 9.968e-01 7.628e-11
72 EP 22 4.438e-10 1.979e-10 1.000e+00 6.424e-11
72 EP 23 3.699e-07 8.377e-11 5.687e-11 1.000e+00
72 EP 24 3.855e-06 1.677e-07 5.179e-11 1.000e+00
72 TP 1 6.160e-02 3.440e-01 2.298e-02 1.982e-10 6.730e-11 2.213e-07 2.828e-07 2.167e-10 1.068e-10 2.247e-10 6.010e-11 2.256e-01 2.346e-02 2.452e-10 4.770e-10 1.224e-09 3.224e-01 4.692e-09 1.056e-09 2.697e-10 1.354e-07 1.544e-09 5.368e-11 6.706e-11
72 TP 2 9.519e-02 3.943e-01 1.164e-01 3.174e-03 7.086e-05 3.489e-09 1.322e-03 6.744e-08 5.673e-10 3.437e-02 1.795e-08 5.765e-02 8.654e-02 1.211e-09 1.301e-06 1.886e-01 3.053e-08 2.567e-09 9.166e-10 9.225e-10 2.237e-02 1.907e-09 3.434e-10 9.931e-10
72 TP 3 1.502e-01 2.464e-08 2.982e-01 2.031e-08 1.116e-10 6.455e-03 6.769e-04 4.266e-03 1.418e-09 2.651e-02 6.642e-07 1.355e-08 8.338e-02 1.681e-01 1.256e-01 1.689e-03 1.951e-03 1.646e-08 2.424e-03 8.789e-09 9.768e-03 3.107e-09 2.375e-10 1.208e-01
72 TP 4 1.819e-09 5.383e-09 7.623e-09 1.065e-02 4.099e-05 2.379e-09 1.320e-08 1.385e-07 1.516e-07 2.026e-02 4.601e-08 1.160e-09 9.551e-03 2.276e-09 5.008e-08 7.306e-01 7.192e-08 5.812e-09 1.297e-09 3.380e-09 1.875e-09 9.376e-10 2.068e-09 2.289e-01
72 TP 5 2.469e-08 4.442e-08 3.144e-01 2.485e-08 3.473e-04 2.493e-08 3.009e-08 6.310e-01 3.920e-08 2.969e-08 3.447e-08 2.476e-08 2.485e-08 2.478e-08 2.809e-07 4.571e-02 3.059e-08 8.548e-03 2.485e-08 2.903e-08 2.469e-08 2.469e-08 3.036e-08 3.643e-08
72 TP 6 5.750e-09 1.390e-03 1.683e-08 7.223e-10 3.062e-10 3.612e-01 6.969e-09 6.642e-10 4.776e-10 4.044e-10 3.143e-10 2.267e-09 5.432e-09 9.717e-10 9.105e-10 1.444e-09 2.189e-09 1.390e-09 1.067e-09 9.242e-10 6.374e-01 1.394e-09 3.002e-10 4.249e-10
72 TP 7 8.212e-10 5.218e-09 6.581e-02 7.131e-10 7.416e-11 1.362e-03 5.880e-01 6.706e-10 1.473e-10 6.188e-10 1.274e-10 5.836e-10 4.696e-02 3.169e-10 8.483e-10 5.442e-02 2.418e-01 1.693e-03 5.906e-09 3.824e-09 3.283e-09 4.083e-10 8.549e-11 7.112e-10
72 TP 8 1.635e-10 4.455e-10 1.072e-09 6.932e-10 3.005e-10 4.182e-10 1.722e-09 4.499e-01 1.148e-09 5.388e-01 8.449e-10 1.701e-10 6.677e-10 2.858e-10 1.319e-09 2.022e-09 5.313e-09 1.130e-02 2.010e-10 4.152e-10 1.752e-10 1.601e-10 4.129e-10 1.485e-08
72 TP 9 6.729e-10 3.406e-09 1.269e-01 1.261e-02 4.713e-10 3.427e-01 8.601e-09 6.041e-09 4.168e-01 5.200e-09 5.628e-09 5.824e-10 5.544e-02 3.210e-09 5.824e-09 3.113e-09 1.344e-04 2.863e-09 8.398e-10 1.130e-09 2.105e-09 2.428e-09 4.540e-02 2.285e-08
72 TP 10 3.835e-11 1.249e-10 3.119e-09 3.690e-04 7.542e-11 3.485e-10 5.138e-10 2.235e-09 3.087e-07 7.404e-01 1.384e-02 4.517e-11 1.150e-08 7.898e-11 8.107e-08 5.772e-02 1.161e-08 6.668e-03 9.544e-11 1.677e-10 4.657e-11 7.735e-11 4.875e-10 1.810e-01
72 TP 11 8.626e-11 3.325e-10 6.684e-05 6.142e-03 1.685e-10 5.655e-10 6.643e-10 1.130e-09 2.172e-01 5.551e-10 5.568e-01 1.209e-10 1.750e-02 2.789e-10 2.476e-09 2.191e-09 1.284e-03 6.630e-10 2.000e-10 2.438e-10 1.181e-10 4.771e-10 1.792e-01 2.177e-02
72 TP 12 1.602e-09 1.356e-09 8.605e-03 1.436e-10 1.815e-03 4.452e-05 2.166e-09 6.701e-07 1.311e-10 7.574e-11 7.703e-11 7.546e-01 1.003e-09 1.156e-10 4.780e-10 1.284e-09 3.234e-06 2.296e-01 2.601e-10 2.128e-10 1.133e-09 5.262e-03 6.093e-11 1.295e-10
72 TP 13 4.541e-10 1.920e-09 1.109e-01 6.173e-10 9.574e-11 1.836e-09 9.500e-09 5.081e-10 4.418e-10 1.904e-10 1.210e-10 1.273e-10 8.017e-03 2.863e-10 1.035e-09 5.581e-08 8.811e-01 3.616e-09 3.737e-10 6.901e-10 6.214e-10 1.195e-10 9.179e-11 5.595e-10
72 TP 14 2.193e-02 5.148e-09 2.883e-01 3.555e-09 5.172e-06 1.829e-02 1.495e-01 1.264e-08 7.535e-10 9.491e-03 3.695e-10 8.642e-10 2.296e-01 1.613e-02 1.035e-01 1.148e-01 1.273e-07 9.204e-09 1.308e-03 1.184e-08 1.070e-02 3.679e-10 2.194e-10 3.643e-02
72 TP 15 1.733e-10 6.460e-10 1.033e-01 5.445e-02 6.840e-11 3.836e-10 8.816e-10 6.947e-10 3.603e-10 4.634e-10 1.677e-01 2.203e-10 5.148e-02 9.588e-07 6.163e-01 6.883e-03 4.433e-06 4.309e-10 1.660e-10 2.439e-10 1.676e-10 1.479e-10 2.102e-10 7.349e-08
72 TP 16 3.986e-10 8.893e-09 1.092e-04 6.439e-03 5.146e-11 1.568e-08 1.620e-08 1.102e-09 5.133e-03 1.196e-09 7.963e-10 1.637e-10 9.715e-02 1.901e-09 5.557e-02 6.419e-01 1.704e-09 7.042e-10 1.381e-10 1.785e-10 9.115e-10 1.191e-10 2.414e-10 1.937e-01
72 TP 17 1.029e-09 4.010e-09 1.367e-01 2.181e-09 7.847e-12 1.394e-09 1.058e-08 1.260e-09 4.409e-11 4.209e-11 2.696e-10 5.111e-10 2.217e-09 8.097e-10 2.842e-09 2.413e-08 8.633e-01 3.914e-06 6.968e-07 2.567e-10 1.184e-09 1.862e-10 2.199e-11 5.058e-09
72 TP 18 3.320e-09 1.768e-09 4.181e-09 6.605e-10 1.477e-10 9.240e-04 5.593e-09 3.253e-01 3.006e-10 7.230e-07 4.134e-10 1.574e-02 7.184e-03 7.666e-10 8.891e-10 9.348e-10 7.024e-04 6.370e-01 7.920e-10 1.315e-02 1.239e-05 3.999e-10 1.886e-10 1.215e-09
72 TP 19 2.410e-09 2.933e-09 1.453e-09 6.209e-10 2.653e-10 3.353e-09 3.325e-09 6.416e-10 4.338e-10 4.408e-10 3.887e-10 2.437e-09 1.673e-09 6.655e-10 9.883e-10 1.920e-09 2.656e-09 1.922e-09 3.670e-01 1.667e-06 2.079e-09 6.330e-01 5.273e-10 3.488e-10
72 TP 20 1.189e-09 1.191e-09 1.047e-06 1.462e-06 7.106e-07 9.938e-10 3.110e-09 3.990e-05 5.179e-10 1.425e-09 1.129e-09 4.217e-09 2.757e-09 1.032e-09 9.984e-10 7.438e-10 1.450e-02 6.446e-03 3.061e-01 6.472e-01 7.793e-10 2.886e-09 2.567e-02 8.723e-10
72 TP 21 5.150e-09 1.670e-09 8.890e-10 1.399e-10 1.351e-07 2.131e-09 5.659e-01 6.652e-10 1.250e-10 8.030e-11 6.778e-11 3.360e-04 5.765e-09 1.395e-10 2.947e-10 1.879e-09 3.262e-08 8.612e-10 2.776e-10 3.468e-10 4.338e-01 6.249e-10 6.332e-11 1.275e-10
72 TP 22 1.966e-09 8.036e-10 5.454e-10 1.140e-10 1.325e-10 2.411e-02 1.365e-09 1.618e-10 1.147e-10 6.835e-11 6.258e-11 3.384e-03 4.288e-04 1.217e-10 2.056e-10 8.556e-10 9.892e-10 7.795e-10 4.406e-10 1.066e-02 2.204e-01 7.410e-01 6.060e-11 1.055e-10
72 TP 23 8.020e-11 2.787e-10 9.000e-10 2.078e-10 1.532e-10 8.424e-10 4.750e-10 2.625e-09 6.094e-10 3.872e-03 5.316e-10 1.203e-10 3.362e-10 1.084e-10 9.722e-10 5.355e-10 1.159e-08 5.256e-10 1.814e-02 1.782e-01 1.122e-10 1.418e-02 7.856e-01 9.937e-10
72 TP 24 3.676e-11 1.170e-10 1.363e-03 1.567e-03 8.099e-11 9.800e-11 2.433e-10 2.508e-09 1.823e-04 7.006e-10 1.515e-08 5.598e-11 1.056e-03 8.953e-11 2.898e-07 2.380e-01 5.623e-01 3.837e-10 6.635e-11 1.079e-10 3.856e-11 6.862e-11 4.716e-10 1.955e-01
73 IP 1 5.097e-10
73 IP 2 5.239e-10
73 IP 3 1.797e-09
73 IP 4 9.398e-01
73 IP 5 6.023e-02
73 IP 6 5.329e-10
73 IP 7 5.097e-10
73 IP 8 5.114e-10
73 IP 9 5.557e-10
73 IP 10 5.097e-10
73 IP 11 1.314e-09
73 IP 12 5.097e-10
73 IP 13 5.097e-10
73 IP 14 5.830e-10
73 IP 15 5.447e-10
73 IP 16 5.097e-10
73 IP 17 5.097e-10
73 IP 18 5.267e-10
73 IP 19 5.698e-10
73 IP 20 6.492e-10
73 IP 21 5.097e-10
73 IP 22 5.145e-10
73 IP 23 5.097e-10
73 IP 24 5.097e-10
73 IP 25 8.157e-10
73 IP 26 6.228e-10
73 EP 1 1.471e-09 6.922e-04 9.993e-01 7.574e-11
73 EP 2 8.194e-01 3.699e-02 5.851e-09 1.436e-01
73 EP 3 1.000e+00 3.812e-09 1.930e-10 2.088e-10
73 EP 4 9.806e-01 1.943e-02 8.427e-11 5.011e-10
73 EP 5 9.392e-01 5.968e-02 3.902e-06 1.072e-03
73 EP 6 3.475e-01 3.117e-02 8.270e-11 6.213e-01
73 EP 7 8.517e-09 1.000e+00 8.582e-10 1.022e-09
73 EP 8 6.719e-01 3.017e-03 3.251e-01 3.279e-10
73 EP 9 9.093e-01 9.072e-02 1.462e-09 2.704e-09
73 EP 10 1.801e-02 4.663e-10 9.820e-01 1.547e-10
73 EP 11 1.000e+00 3.851e-10 5.036e-11 1.768e-10
73 EP 12 1.981e-10 1.383e-09 4.068e-11 1.000e+00
73 EP 13 5.313e-10 1.424e-10 8.053e-11 1.000e+00
73 EP 14 6.532e-01 1.734e-02 3.294e-01 5.465e-10
73 EP 15 4.564e-01 6.317e-04 2.201e-10 5.430e-01
73 EP 16 1.737e-09 3.888e-09 6.504e-11 1.000e+00
73 EP 17 1.052e-08 6.396e-10 5.847e-11 1.000e+00
73 EP 18 1.860e-01 1.499e-02 7.990e-01 8.941e-11
73 EP 19 8.741e-01 1.233e-02 2.488e-11 1.136e-01
73 EP 20 9.994e-01 3.396e-09 5.956e-04 8.042e-11
73 EP 21 4.454e-09 1.195e-09 1.000e+00 1.829e-10
73 EP 22 8.101e-01 2.042e-02 1.695e-01 1.716e-10
73 EP 23 1.210e-08 1.000e+00 4.809e-10 1.751e-09
73 EP 24 3.132e-10 1.644e-10 1.000e+00 6.330e-11
73 EP 25 5.972e-01 1.454e-02 6.494e-11 3.882e-01
73 EP 26 9.049e-01 1.172e-09 9.506e-02 4.759e-10
73 TP 1 6.897e-01 2.517e-10 2.798e-09 1.854e-09 2.629e-03 3.066e-10 2.415e-10 1.674e-09 1.610e-02 1.598e-01 4.275e-03 7.923e-11 8.288e-11 5.611e-10 1.699e-10 2.130e-10 1.597e-10 7.145e-09 1.354e-03 1.368e-09 1.200e-01 8.817e-04 6.883e-04 4.566e-03 9.400e-10 7.856e-06
73 TP 2 2.473e-10 5.877e-01 9.174e-10 1.264e-09 6.620e-09 8.522e-10 7.290e-10 3.804e-10 8.169e-10 3.382e-10 1.011e-09 6.376e-10 4.067e-01 1.123e-09 3.837e-10 2.215e-09 1.265e-09 6.630e-10 1.201e-09 9.289e-10 3.251e-10 5.236e-10 1.467e-09 5.564e-03 1.569e-09 8.778e-10
73 TP 3 7.943e-11 1.379e-10 7.476e-01 1.212e-03 2.471e-10 3.030e-10 4.800e-03 8.367e-11 9.006e-11 2.211e-10 4.808e-09 1.275e-10 1.876e-10 5.436e-11 5.633e-11 3.398e-10 1.777e-08 9.807e-05 8.601e-02 1.433e-01 1.699e-02 3.353e-06 7.405e-09 1.237e-10 1.073e-07 1.705e-10
73 TP 4 5.063e-11 1.194e-10 1.037e-01 8.955e-01 7.118e-04 1.083e-10 1.595e-10 5.927e-11 6.610e-11 1.060e-10 6.983e-08 6.676e-11 9.245e-11 4.870e-11 3.993e-11 1.301e-10 1.712e-10 1.308e-10 4.937e-10 4.423e-10 2.362e-10 4.034e-10 1.167e-09 6.318e-11 6.495e-10 1.302e-10
73 TP 5 8.851e-10 1.701e-02 7.091e-10 4.926e-04 9.578e-01 3.718e-10 2.803e-10 1.292e-02 4.971e-09 8.919e-10 5.830e-10 4.309e-03 1.192e-09 3.851e-10 2.093e-10 3.197e-10 5.032e-10 9.204e-10 9.803e-10 4.158e-10 2.856e-10 4.567e-10 3.380e-10 7.434e-03 5.355e-10 3.138e-10
73 TP 6 4.850e-10 7.162e-10 3.428e-03 3.424e-09 6.241e-10 3.884e-01 7.413e-10 3.148e-04 4.633e-10 3.320e-02 8.134e-02 3.093e-02 1.352e-09 2.167e-10 9.169e-10 4.932e-09 2.828e-01 3.522e-10 3.999e-02 5.934e-02 1.369e-10 4.207e-02 3.821e-02 2.602e-10 1.349e-08 6.942e-10
73 TP 7 4.345e-08 3.175e-06 1.757e-03 3.621e-02 1.499e-09 4.623e-10 1.292e-02 4.916e-09 2.426e-09 2.712e-03 2.458e-01 2.654e-10 1.723e-10 1.124e-09 1.397e-10 1.368e-02 1.169e-09 5.821e-03 1.242e-01 2.672e-01 2.232e-02 1.893e-02 1.603e-01 7.759e-10 8.817e-02 1.275e-09
73 TP 8 5.993e-01 7.451e-10 1.272e-09 1.394e-09 2.212e-09 4.794e-10 1.136e-09 3.659e-01 5.852e-03 1.048e-07 1.419e-09 4.757e-10 3.590e-10 9.260e-10 6.016e-10 4.304e-10 3.947e-10 1.292e-08 7.531e-10 2.152e-09 1.266e-08 2.890e-02 1.282e-08 1.536e-09 6.603e-10 1.228e-09
73 TP 9 4.926e-09 2.222e-04 2.648e-09 3.746e-08 1.430e-08 1.709e-09 3.455e-09 3.573e-01 5.695e-01 2.227e-07 2.836e-09 3.353e-02 8.053e-10 1.156e-09 2.232e-02 2.025e-09 1.172e-08 2.680e-09 7.566e-03 5.927e-09 2.199e-09 3.329e-09 9.464e-03 7.795e-10 1.180e-08 2.987e-09
73 TP 10 2.418e-09 4.398e-10 1.934e-09 2.794e-09 2.416e-09 6.012e-10 3.044e-10 1.316e-09 7.554e-10 4.800e-01 2.097e-09 1.617e-10 1.645e-10 1.086e-09 3.019e-10 5.159e-10 4.006e-10 2.730e-09 2.939e-09 1.023e-09 4.544e-01 6.563e-02 6.700e-10 1.267e-08 2.640e-09 2.333e-09
73 TP 11 1.289e-10 2.214e-09 1.362e-01 4.003e-09 2.162e-10 2.950e-10 1.310e-03 2.191e-10 1.341e-10 3.693e-03 5.406e-01 1.031e-10 2.237e-10 8.806e-11 1.514e-10 1.123e-02 5.317e-10 3.163e-10 7.000e-02 1.225e-01 1.029e-03 1.563e-02 9.513e-02 1.170e-10 2.623e-03 5.064e-10
73 TP 12 7.473e-04 1.923e-10 3.603e-09 1.005e-08 1.067e-09 1.204e-09 1.891e-10 3.220e-09 9.330e-10 1.492e-09 7.344e-03 7.732e-01 5.217e-07 1.166e-10 2.187e-01 1.777e-09 2.527e-09 8.958e-11 1.230e-09 8.871e-09 4.829e-11 6.903e-08 4.795e-10 1.048e-10 2.696e-09 2.912e-10
73 TP 13 9.367e-11 1.180e-02 1.176e-09 3.862e-09 4.159e-03 7.827e-10 1.897e-10 1.244e-10 2.961e-10 1.133e-10 1.400e-09 4.414e-03 7.469e-01 2.568e-10 3.476e-10 2.327e-01 1.667e-09 9.966e-11 1.498e-09 1.180e-09 8.268e-11 3.041e-10 3.799e-10 8.760e-11 2.431e-09 4.185e-10
73 TP 14 3.987e-10 5.017e-01 1.900e-09 2.401e-09 8.410e-02 9.084e-10 8.044e-10 5.239e-10 1.021e-09 6.226e-10 2.301e-09 3.292e-10 4.970e-09 4.101e-01 3.255e-10 4.061e-03 5.811e-10 1.115e-09 2.061e-09 3.327e-09 1.099e-09 1.089e-09 1.634e-09 1.215e-09 1.520e-09 6.389e-09
73 TP 15 2.362e-02 8.594e-10 3.247e-09 1.997e-08 5.229e-02 1.497e-09 1.465e-09 1.888e-01 2.978e-01 3.558e-02 4.656e-09 7.159e-10 5.692e-10 4.231e-10 3.708e-01 9.132e-10 1.388e-09 3.947e-10 5.194e-03 3.536e-03 2.422e-10 1.411e-02 8.268e-03 3.542e-10 2.948e-09 1.189e-09
73 TP 16 9.950e-11 5.538e-10 7.540e-09 4.021e-09 1.536e-09 1.018e-09 1.748e-10 1.538e-10 3.445e-10 1.312e-10 2.240e-08 1.813e-03 6.635e-10 1.857e-10 4.853e-10 5.494e-01 3.799e-09 1.035e-10 3.719e-09 1.753e-09 7.189e-11 3.114e-10 2.700e-10 9.529e-11 4.488e-01 4.504e-10
73 TP 17 8.426e-11 3.901e-10 9.530e-02 1.336e-01 3.482e-10 2.346e-01 1.117e-09 1.444e-10 4.751e-10 6.469e-05 3.066e-01 1.284e-01 9.772e-10 6.321e-11 3.777e-10 7.277e-06 4.281e-02 1.607e-05 2.235e-06 2.264e-02 3.210e-11 6.418e-10 3.590e-02 1.549e-05 3.660e-09 2.448e-10
73 TP 18 5.357e-10 3.214e-10 7.973e-02 5.554e-08 4.992e-10 1.450e-10 1.121e-08 3.980e-10 3.654e-10 1.078e-09 2.701e-03 7.269e-11 7.234e-11 5.790e-10 9.262e-11 9.854e-11 8.203e-11 4.464e-01 1.318e-09 5.065e-02 1.253e-08 6.182e-03 3.766e-02 1.793e-01 2.359e-10 1.974e-01
73 TP 19 1.235e-10 2.937e-10 1.733e-08 1.594e-08 3.903e-10 1.376e-05 2.606e-09 1.614e-10 2.101e-10 3.974e-10 3.837e-09 7.261e-10 7.352e-10 8.469e-11 1.705e-10 2.959e-04 4.325e-01 5.548e-10 5.671e-01 4.054e-06 1.287e-10 1.021e-09 1.989e-09 1.969e-10 4.062e-08 2.641e-10
73 TP 20 1.472e-10 3.099e-10 5.422e-09 3.511e-09 2.784e-10 1.300e-09 2.399e-01 1.492e-10 1.520e-10 6.864e-10 2.047e-09 4.399e-10 1.014e-09 9.032e-11 9.169e-11 1.035e-02 3.413e-07 1.007e-01 4.659e-02 5.635e-01 3.894e-02 4.059e-09 2.274e-09 2.749e-10 1.407e-09 2.343e-10
73 TP 21 7.547e-10 2.253e-10 1.721e-01 2.654e-01 2.001e-09 1.734e-10 4.028e-10 7.342e-10 4.924e-10 3.580e-09 3.967e-01 6.569e-11 6.868e-11 6.180e-10 1.009e-10 1.469e-10 9.394e-11 3.958e-09 1.098e-09 1.672e-09 7.053e-02 7.440e-02 1.568e-02 5.232e-03 3.487e-10 3.074e-09
73 TP 22 2.560e-09 1.325e-09 5.130e-09 4.974e-09 2.383e-09 7.655e-10 1.196e-09 2.237e-09 1.296e-09 2.415e-02 6.578e-09 4.461e-10 5.242e-10 1.523e-09 4.709e-10 9.850e-10 6.982e-10 1.929e-02 1.886e-09 5.533e-09 6.201e-01 3.331e-01 1.565e-05 5.700e-09 1.858e-09 3.309e-03
73 TP 23 1.035e-10 7.749e-10 1.157e-01 2.014e-01 5.931e-10 2.570e-10 2.408e-10 2.035e-10 3.762e-10 1.247e-10 6.684e-01 9.050e-11 1.395e-10 7.140e-10 1.479e-10 4.183e-10 2.884e-10 2.309e-10 3.146e-09 2.438e-09 2.797e-10 8.958e-10 1.443e-02 9.731e-11 4.681e-05 9.760e-10
73 TP 24 4.494e-10 1.311e-02 1.106e-09 1.780e-09 2.200e-09 1.861e-10 1.230e-10 1.664e-10 2.280e-10 5.406e-10 1.531e-09 7.078e-11 7.169e-11 2.351e-01 1.020e-10 1.187e-10 9.578e-11 6.224e-10 5.003e-09 1.403e-09 9.163e-10 4.220e-10 2.512e-10 7.413e-01 2.934e-10 1.042e-02
73 TP 25 1.283e-10 3.746e-03 2.205e-03 1.283e-01 3.683e-09 1.154e-09 5.398e-10 3.103e-10 5.898e-10 2.864e-10 3.123e-01 3.565e-10 3.683e-10 2.208e-10 4.960e-07 1.557e-09 1.284e-09 3.147e-10 9.280e-09 6.887e-09 1.219e-10 3.179e-03 1.773e-02 1.990e-10 5.326e-01 6.182e-10
73 TP 26 1.156e-09 1.186e-09 9.128e-07 6.552e-08 1.397e-09 1.633e-09 2.880e-04 1.150e-09 1.188e-09 1.430e-09 6.359e-06 7.132e-10 1.022e-09 1.433e-09 4.311e-10 1.875e-01 1.982e-09 3.112e-02 9.714e-02 9.003e-02 6.462e-09 5.380e-09 1.066e-01 2.888e-02 1.517e-08 4.585e-01
74 IP 1 5.260e-10
74 IP 2 8.359e-10
74 IP 3 5.309e-10
74 IP 4 6.683e-10
74 IP 5 5.260e-10
74 IP 6 1.000e+00
74 IP 7 5.258e-10
74 IP 8 5.258e-10
74 IP 9 5.259e-10
74 IP 10 5.258e-10
74 IP 11 6.174e-10
74 IP 12 5.258e-10
74 IP 13 6.062e-10
74 IP 14 1.290e-09
74 IP 15 6.885e-10
74 IP 16 5.258e-10
74 IP 17 5.258e-10
74 IP 18 6.044e-10
74 IP 19 5.299e-10
74 IP 20 7.108e-10
74 IP 21 5.258e-10
74 IP 22 5.797e-10
74 IP 23 5.258e-10
74 IP 24 5.258e-10
74 EP 1 1.121e-03 8.873e-09 9.989e-01 1.230e-10
74 EP 2 1.000e+00 4.538e-10 3.692e-11 4.585e-11
74 EP 3 6.357e-01 9.399e-03 6.495e-11 3.549e-01
74 EP 4 3.729e-01 5.483e-03 6.216e-01 1.764e-10
74 EP 5 4.819e-01 7.380e-03 3.634e-10 5.107e-01
74 EP 6 1.000e+00 3.175e-10 7.402e-11 2.355e-10
74 EP 7 9.123e-08 1.000e+00 1.523e-09 3.160e-08
74 EP 8 2.934e-10 2.108e-10 5.072e-11 1.000e+00
74 EP 9 3.203e-03 1.510e-10 9.968e-01 6.928e-11
74 EP 10 1.195e-08 1.000e+00 5.071e-10 1.033e-09
74 EP 11 6.746e-01 2.303e-02 3.024e-01 1.274e-10
74 EP 12 1.684e-09 9.420e-04 5.783e-11 9.991e-01
74 EP 13 5.209e-01 2.652e-08 4.274e-11 4.791e-01
74 EP 14 1.000e+00 2.450e-10 4.286e-11 7.919e-11
74 EP 15 7.706e-01 2.571e-09 3.592e-10 2.294e-01
74 EP 16 9.828e-09 1.000e+00 5.583e-10 8.671e-10
74 EP 17 1.066e-09 2.132e-09 6.613e-11 1.000e+00
74 EP 18 8.833e-01 4.184e-02 6.800e-02 6.818e-03
74 EP 19 7.029e-01 2.681e-03 2.944e-01 4.966e-10
74 EP 20 9.192e-01 8.083e-02 2.218e-09 1.112e-09
74 EP 21 7.243e-10 1.566e-04 9.998e-01 9.391e-11
74 EP 22 5.273e-01 3.418e-03 3.750e-10 4.693e-01
74 EP 23 2.070e-06 1.315e-09 1.110e-10 1.000e+00
74 EP 24 3.719e-04 7.283e-09 9.996e-01 1.420e-10
74 TP 1 8.937e-02 4.419e-02 1.451e-10 4.049e-09 1.338e-10 7.481e-02 5.495e-11 5.679e-11 1.578e-01 2.932e-02 2.805e-01 1.204e-10 1.382e-10 3.179e-01 1.664e-10 1.981e-10 1.173e-04 8.073e-09 4.668e-10 6.922e-10 5.417e-10 7.649e-11 4.797e-11 6.022e-03
74 TP 2 7.396e-02 6.526e-01 2.984e-03 8.585e-08 1.652e-10 3.832e-02 1.466e-10 1.626e-09 1.283e-09 4.293e-03 2.350e-10 4.928e-09 9.802e-02 2.048e-03 7.015e-11 9.690e-02 1.089e-10 8.042e-11 6.275e-11 1.178e-10 7.562e-11 2.606e-11 3.090e-02 4.072e-10
74 TP 3 2.356e-10 4.460e-09 4.582e-01 2.695e-10 1.916e-09 1.353e-08 2.573e-03 2.536e-09 1.888e-10 1.882e-09 4.706e-10 7.809e-09 3.246e-08 2.709e-03 1.769e-09 1.591e-09 2.117e-09 5.712e-10 2.959e-10 4.708e-10 1.667e-10 4.511e-10 5.365e-01 2.258e-10
74 TP 4 5.599e-09 3.709e-06 3.521e-04 4.249e-01 2.609e-10 1.372e-01 1.561e-10 1.481e-10 5.545e-09 9.938e-03 8.639e-03 1.584e-10 4.686e-10 4.189e-01 5.499e-10 3.803e-10 1.512e-10 1.504e-09 3.921e-10 8.778e-10 4.554e-10 1.921e-10 2.203e-09 1.217e-09
74 TP 5 3.202e-10 1.809e-09 4.056e-09 3.542e-10 3.956e-01 2.938e-06 6.832e-10 6.044e-01 2.881e-10 5.213e-10 5.898e-10 1.361e-09 2.280e-09 2.690e-09 1.069e-09 4.653e-10 8.660e-10 1.764e-07 3.266e-10 1.012e-09 2.562e-10 6.287e-10 4.656e-09 2.880e-10
74 TP 6 1.775e-10 4.097e-03 3.642e-10 1.992e-10 2.554e-09 8.526e-01 1.005e-10 3.616e-10 3.465e-10 1.503e-10 1.924e-10 1.440e-10 3.603e-10 1.410e-01 9.294e-11 1.475e-10 8.192e-11 4.704e-10 1.429e-10 2.288e-03 9.278e-11 3.702e-11 5.179e-10 1.275e-10
74 TP 7 1.444e-08 6.120e-08 3.500e-01 5.137e-03 1.590e-08 6.557e-08 7.882e-03 1.478e-02 2.491e-09 1.950e-08 7.656e-09 5.370e-02 1.504e-01 6.770e-08 2.098e-08 7.342e-09 7.304e-04 9.801e-09 9.034e-09 4.533e-08 2.328e-09 2.431e-02 3.930e-01 3.804e-09
74 TP 8 7.194e-11 1.027e-09 3.576e-02 9.309e-11 4.188e-10 7.689e-03 3.323e-04 7.684e-01 5.609e-11 2.277e-10 1.869e-10 8.121e-03 1.246e-09 5.555e-08 5.915e-10 2.004e-10 5.766e-06 8.977e-03 1.160e-10 4.249e-10 7.559e-11 4.371e-10 1.707e-01 9.236e-11
74 TP 9 1.676e-09 2.115e-09 1.028e-03 1.458e-09 5.777e-04 1.877e-09 6.452e-11 7.467e-11 7.447e-01 5.967e-06 2.707e-09 7.207e-11 2.058e-10 1.496e-09 2.667e-10 1.767e-10 6.613e-11 2.515e-01 7.541e-10 4.329e-10 2.191e-03 1.091e-10 9.630e-11 9.529e-10
74 TP 10 6.323e-10 5.075e-04 1.315e-09 6.614e-10 1.831e-09 1.974e-01 1.370e-10 2.154e-10 1.587e-10 1.913e-02 6.365e-10 1.621e-10 5.522e-10 7.819e-01 5.385e-10 2.080e-10 1.352e-10 1.057e-03 2.599e-07 6.879e-10 1.148e-10 1.312e-10 5.202e-10 1.691e-10
74 TP 11 2.153e-01 1.372e-01 8.828e-02 7.664e-03 2.962e-02 5.139e-08 2.473e-10 5.132e-05 4.400e-02 4.349e-02 3.249e-01 1.321e-09 1.266e-04 1.086e-01 7.020e-10 1.227e-09 4.091e-04 2.352e-09 1.106e-09 1.107e-09 1.271e-09 2.526e-10 4.860e-10 3.683e-04
74 TP 12 2.419e-10 2.053e-06 1.580e-09 1.400e-10 6.573e-10 4.074e-03 1.225e-03 1.320e-09 4.901e-10 1.273e-02 6.557e-10 5.123e-01 2.198e-09 1.191e-06 2.881e-01 3.856e-04 1.760e-01 2.633e-10 4.181e-07 7.062e-10 5.074e-10 8.211e-10 1.919e-08 5.236e-03
74 TP 13 7.683e-11 9.018e-02 2.561e-08 7.716e-11 3.994e-10 1.235e-02 1.269e-02 8.493e-10 1.323e-10 3.984e-02 1.572e-10 2.196e-01 4.707e-01 1.543e-01 1.097e-09 4.013e-09 6.565e-10 1.789e-10 9.359e-11 1.983e-10 5.524e-11 2.222e-10 2.426e-04 6.827e-11
74 TP 14 2.105e-10 3.131e-01 1.793e-02 7.800e-03 3.915e-05 2.391e-08 8.778e-11 2.217e-06 6.000e-11 7.866e-02 2.094e-10 3.330e-10 1.316e-03 5.749e-01 1.049e-10 1.270e-09 1.663e-10 1.281e-10 8.096e-11 9.877e-11 6.809e-11 3.120e-11 5.489e-03 7.960e-04
74 TP 15 1.768e-09 3.491e-01 1.482e-09 3.334e-09 2.130e-09 1.094e-08 2.384e-03 1.171e-09 4.292e-10 6.458e-02 2.582e-09 1.706e-09 3.177e-09 2.836e-07 4.279e-01 1.055e-04 3.800e-09 5.899e-10 1.254e-09 8.482e-10 5.808e-10 7.919e-10 3.154e-09 1.559e-01
74 TP 16 2.302e-02 6.049e-01 4.377e-02 2.910e-02 7.561e-03 1.365e-02 3.914e-10 5.185e-04 4.840e-10 1.781e-01 1.290e-09 5.306e-10 4.607e-02 1.440e-03 5.763e-10 1.874e-02 4.183e-10 1.508e-09 4.647e-04 1.041e-03 6.814e-10 1.488e-10 3.018e-02 1.488e-03
74 TP 17 1.304e-10 1.047e-09 1.344e-09 1.735e-10 1.423e-09 3.232e-08 4.946e-10 9.881e-03 1.188e-10 2.523e-10 2.989e-10 7.290e-10 7.382e-10 2.200e-09 1.014e-09 1.722e-10 7.351e-01 4.709e-10 4.549e-03 7.984e-09 1.477e-02 2.357e-01 1.616e-09 2.798e-09
74 TP 18 2.024e-09 1.284e-09 2.351e-09 2.683e-09 2.973e-01 1.163e-02 2.668e-10 3.131e-02 1.532e-02 1.043e-02 1.469e-09 4.392e-10 8.240e-10 1.268e-09 6.250e-10 1.105e-09 3.382e-10 6.210e-01 6.872e-10 1.305e-02 4.875e-10 3.581e-10 3.326e-09 9.454e-10
74 TP 19 2.258e-08 2.083e-09 6.838e-10 2.947e-02 7.662e-10 2.617e-09 3.655e-10 5.938e-10 1.269e-09 2.711e-09 1.606e-08 5.033e-10 6.913e-10 2.360e-09 9.878e-10 8.245e-10 7.435e-10 1.509e-09 3.531e-01 3.352e-08 6.123e-01 1.029e-09 4.259e-10 5.118e-03
74 TP 20 2.637e-09 2.644e-09 1.227e-09 5.556e-09 1.821e-04 6.378e-02 5.095e-10 1.220e-09 7.928e-10 1.448e-02 2.222e-09 9.125e-10 1.530e-09 3.409e-09 1.339e-09 1.049e-09 3.043e-02 8.362e-03 2.493e-01 6.301e-01 4.345e-09 3.433e-03 1.162e-09 5.478e-09
74 TP 21 3.267e-08 2.448e-05 1.104e-06 1.688e-03 2.923e-10 2.341e-09 1.013e-10 1.158e-10 3.046e-09 8.243e-04 3.374e-09 1.212e-10 3.501e-10 1.319e-06 6.963e-10 2.245e-10 9.528e-11 4.281e-10 6.507e-10 2.335e-02 6.833e-01 2.124e-10 7.529e-10 2.908e-01
74 TP 22 5.026e-10 2.939e-09 1.276e-09 7.841e-10 1.563e-03 8.465e-08 1.088e-09 3.624e-09 3.511e-10 9.635e-10 1.031e-09 1.254e-09 1.646e-09 5.836e-09 2.908e-09 5.373e-10 7.238e-09 1.890e-09 2.403e-01 3.688e-01 3.633e-09 3.893e-01 3.995e-09 1.354e-09
74 TP 23 6.992e-11 1.255e-06 1.204e-01 7.955e-11 5.767e-10 2.076e-01 4.652e-04 3.896e-09 9.713e-11 2.492e-02 1.731e-10 8.637e-06 4.526e-09 6.203e-01 1.406e-09 6.979e-10 1.198e-08 3.364e-10 1.060e-10 3.251e-10 6.614e-11 8.435e-10 2.636e-02 7.246e-11
74 TP 24 9.156e-07 2.416e-08 1.021e-09 6.287e-01 2.614e-10 1.860e-09 1.289e-10 1.253e-10 7.610e-03 5.042e-10 2.547e-08 1.478e-10 4.185e-10 8.869e-09 1.019e-09 2.254e-10 1.211e-10 5.157e-10 7.055e-10 9.862e-10 1.135e-09 2.572e-10 1.176e-04 3.636e-01
75 IP 1 5.305e-10
75 IP 2 5.308e-10
75 IP 3 5.463e-10
75 IP 4 6.807e-10
75 IP 5 5.305e-10
75 IP 6 5.305e-10
75 IP 7 5.306e-10
75 IP 8 2.640e-09
75 IP 9 5.305e-10
75 IP 10 5.416e-10
75 IP 11 5.305e-10
75 IP 12 5.946e-10
75 IP 13 5.305e-10
75 IP 14 5.306e-10
75 IP 15 5.305e-10
75 IP 16 5.655e-10
75 IP 17 5.306e-10
75 IP 18 5.305e-10
75 IP 19 8.459e-01
75 IP 20 5.305e-10
75 IP 21 5.306e-10
75 IP 22 5.305e-10
75 IP 23 1.541e-01
75 IP 24 7.626e-10
75 IP 25 5.305e-10
75 IP 26 5.305e-10
75 IP 27 5.313e-10
75 IP 28 5.305e-10
75 IP 29 5.305e-10
75 EP 1 9.300e-03 1.135e-09 9.907e-01 7.101e-10
75 EP 2 8.538e-01 3.153e-02 1.147e-01 2.015e-09
75 EP 3 1.000e+00 1.112e-08 3.657e-09 1.080e-07
75 EP 4 1.000e+00 5.738e-10 3.099e-10 3.139e-10
75 EP 5 9.035e-08 1.848e-07 3.310e-08 1.000e+00
75 EP 6 3.072e-06 2.655e-09 6.453e-10 1.000e+00
75 EP 7 1.000e+00 1.583e-08 3.177e-06 6.202e-09
75 EP 8 5.637e-01 8.678e-03 9.346e-10 4.276e-01
75 EP 9 2.371e-09 1.638e-09 1.123e-09 1.000e+00
75 EP 10 8.480e-01 3.664e-02 9.689e-02 1.849e-02
75 EP 11 5.211e-08 1.000e+00 9.078e-09 3.485e-08
75 EP 12 1.109e-01 1.916e-03 8.872e-01 2.977e-10
75 EP 13 9.697e-09 1.000e+00 2.521e-09 2.423e-09
75 EP 14 6.079e-01 4.461e-09 3.921e-01 3.977e-09
75 EP 15 3.678e-01 6.290e-04 1.681e-09 6.316e-01
75 EP 16 7.258e-01 2.554e-08 2.805e-10 2.742e-01
75 EP 17 4.103e-01 3.481e-03 1.669e-09 5.862e-01
75 EP 18 2.941e-08 1.000e+00 1.699e-09 2.845e-09
75 EP 19 9.263e-01 7.356e-02 1.779e-09 1.479e-04
75 EP 20 5.997e-09 2.022e-09 1.943e-09 1.000e+00
75 EP 21 3.070e-04 1.762e-09 1.965e-10 9.997e-01
75 EP 22 6.907e-01 7.710e-03 3.016e-01 4.194e-09
75 EP 23 9.924e-01 7.576e-03 2.202e-09 1.250e-09
75 EP 24 1.000e+00 5.284e-07 1.695e-10 5.273e-10
75 EP 25 5.820e-09 5.393e-04 9.995e-01 1.609e-09
75 EP 26 9.282e-09 3.750e-09 1.000e+00 9.394e-10
75 EP 27 8.549e-01 5.265e-02 3.881e-09 9.241e-02
75 EP 28 1.311e-09 3.716e-08 5.388e-10 1.000e+00
75 EP 29 4.518e-09 2.399e-09 1.000e+00 2.073e-09
75 TP 1 6.467e-01 1.797e-09 8.802e-10 1.090e-08 6.773e-10 9.433e-10 2.112e-06 2.855e-08 6.848e-10 3.530e-01 6.995e-10 3.659e-09 2.886e-04 7.584e-10 8.257e-10 1.173e-09 1.316e-09 7.140e-10 1.259e-08 6.748e-10 6.422e-09 6.584e-10 1.013e-09 2.606e-09 7.485e-10 1.004e-09 7.380e-10 7.254e-10 6.683e-10
75 TP 2 4.642e-09 4.128e-01 4.974e-09 1.611e-08 2.226e-09 2.589e-02 5.333e-09 6.036e-08 2.700e-09 4.868e-09 2.771e-09 4.338e-02 2.952e-02 4.678e-09 4.292e-09 1.693e-07 5.908e-09 2.955e-09 7.219e-08 2.434e-09 1.095e-02 2.342e-09 2.368e-08 3.674e-08 1.963e-08 4.774e-01 2.935e-09 8.399e-09 2.336e-09
75 TP 3 4.784e-09 3.999e-08 1.669e-01 2.633e-01 1.098e-01 6.726e-08 1.153e-08 4.793e-08 5.843e-09 7.679e-09 1.076e-03 1.526e-07 7.036e-02 3.502e-01 6.082e-09 2.285e-08 5.356e-09 2.072e-02 4.295e-08 5.341e-09 2.776e-08 5.257e-09 1.271e-04 1.750e-02 2.800e-08 7.027e-09 8.006e-09 5.109e-09 4.713e-09
75 TP 4 1.041e-09 2.194e-04 6.827e-10 3.621e-01 3.140e-10 8.330e-02 6.938e-03 3.897e-09 6.759e-10 4.676e-10 6.378e-10 3.091e-09 3.969e-02 3.370e-04 1.359e-02 1.917e-02 8.727e-10 4.407e-02 2.825e-09 3.970e-10 3.001e-09 2.991e-10 4.612e-04 3.787e-01 7.890e-03 4.024e-02 2.959e-10 3.248e-03 2.828e-10
75 TP 5 3.168e-08 4.809e-08 7.110e-02 2.763e-01 8.740e-02 3.705e-02 8.434e-08 4.220e-07 3.948e-08 5.888e-02 4.505e-02 2.067e-05 9.136e-02 2.454e-01 4.264e-08 3.300e-07 7.021e-08 1.710e-07 4.695e-07 3.861e-08 1.715e-07 4.551e-08 1.495e-07 6.274e-07 3.304e-08 3.079e-08 8.311e-02 3.556e-08 4.380e-03
75 TP 6 1.658e-08 6.409e-10 2.178e-02 1.179e-01 1.482e-09 2.909e-09 6.340e-10 1.121e-08 4.511e-02 9.519e-10 2.036e-02 9.668e-10 1.915e-02 5.796e-10 9.452e-02 5.077e-01 1.011e-09 8.642e-10 8.055e-09 3.185e-09 3.099e-09 5.450e-10 3.590e-08 1.734e-01 5.369e-10 5.399e-10 6.390e-10 1.043e-09 5.325e-10
75 TP 7 7.292e-01 2.316e-05 1.172e-08 1.701e-08 7.436e-09 2.016e-08 2.707e-01 1.386e-07 1.208e-08 1.165e-08 1.345e-08 4.867e-07 2.063e-08 1.494e-08 2.852e-08 2.149e-08 1.747e-08 2.574e-06 1.022e-07 9.878e-09 2.405e-06 7.496e-09 1.640e-08 3.171e-08 1.437e-08 2.203e-08 8.187e-09 1.516e-07 7.497e-09
75 TP 8 1.866e-10 2.914e-10 1.878e-10 2.656e-10 1.139e-10 1.959e-10 5.217e-10 5.214e-01 1.645e-10 4.817e-10 2.923e-10 2.999e-02 1.278e-10 1.722e-10 2.223e-10 2.430e-10 2.868e-09 1.061e-10 3.825e-01 1.924e-10 6.607e-02 1.225e-10 2.084e-10 5.587e-10 7.933e-11 1.037e-10 2.491e-10 2.335e-10 8.623e-11
75 TP 9 1.260e-09 2.323e-09 2.035e-01 1.805e-02 2.691e-09 1.029e-08 1.570e-09 1.082e-08 4.910e-01 1.519e-09 6.606e-04 1.333e-08 1.076e-02 9.792e-02 1.973e-09 3.725e-03 1.347e-09 3.585e-09 1.383e-08 1.740e-01 1.313e-08 1.504e-09 4.086e-04 2.403e-07 1.264e-09 1.164e-09 2.122e-09 1.459e-09 1.720e-09
75 TP 10 6.304e-09 3.334e-09 1.069e-09 1.256e-09 7.909e-10 2.325e-09 2.219e-02 5.207e-08 1.075e-09 6.320e-01 1.156e-09 1.372e-08 2.551e-03 1.248e-09 1.508e-09 1.515e-09 3.422e-01 1.825e-05 2.665e-08 9.563e-10 1.901e-07 8.674e-10 1.135e-09 1.892e-09 1.477e-09 1.943e-09 6.885e-04 3.257e-04 7.025e-10
75 TP 11 9.132e-09 1.390e-07 5.140e-08 4.148e-08 1.021e-08 2.959e-02 1.015e-08 2.206e-07 2.957e-08 1.393e-08 5.549e-03 1.665e-08 1.080e-08 7.218e-04 3.881e-02 9.075e-01 1.385e-08 9.504e-09 2.122e-07 1.243e-08 8.221e-08 9.262e-09 1.577e-02 8.450e-08 9.581e-09 9.329e-09 1.049e-08 2.012e-03 9.031e-09
75 TP 12 2.457e-10 2.298e-04 1.674e-10 1.863e-10 7.108e-11 2.682e-10 4.932e-10 2.032e-08 1.049e-10 9.180e-10 4.619e-11 6.768e-01 4.139e-11 2.093e-10 2.039e-10 2.511e-10 7.588e-10 3.322e-11 3.206e-01 9.383e-11 2.382e-03 3.585e-11 1.142e-10 3.960e-10 6.079e-11 9.977e-11 7.283e-11 1.821e-10 4.210e-11
75 TP 13 1.982e-09 5.950e-09 6.278e-09 8.491e-01 1.883e-09 2.110e-09 5.383e-09 2.247e-08 1.899e-09 3.612e-09 2.093e-09 4.897e-09 1.227e-02 2.769e-03 2.018e-09 3.946e-09 2.125e-09 1.935e-09 2.942e-08 1.871e-09 6.901e-09 1.962e-09 1.351e-01 7.570e-04 2.069e-09 2.027e-09 2.177e-09 1.969e-09 1.848e-09
75 TP 14 5.961e-09 1.036e-01 4.344e-09 4.557e-09 3.691e-09 3.788e-09 1.510e-08 3.441e-08 3.716e-09 4.530e-09 4.232e-09 8.353e-08 4.019e-09 2.918e-01 3.775e-09 4.231e-09 3.793e-09 3.886e-09 6.132e-08 3.726e-09 9.366e-09 4.424e-09 5.130e-09 5.923e-09 6.046e-01 1.477e-08 4.176e-09 3.708e-09 4.808e-09
75 TP 15 2.112e-09 3.066e-09 1.470e-05 7.628e-04 3.730e-09 7.913e-03 2.405e-09 2.424e-08 5.899e-01 2.821e-09 6.234e-02 9.676e-09 2.043e-02 2.571e-09 3.184e-01 4.979e-05 2.646e-09 5.033e-09 2.489e-08 3.352e-09 1.947e-08 1.832e-09 1.575e-08 1.948e-04 1.785e-09 1.752e-09 2.503e-09 3.080e-09 1.761e-09
75 TP 16 8.038e-10 3.318e-09 2.101e-03 1.195e-01 1.464e-09 2.524e-02 6.373e-10 7.624e-09 1.347e-09 1.142e-09 6.559e-03 3.735e-09 2.840e-02 2.960e-07 2.248e-09 5.769e-01 2.209e-03 1.188e-09 6.490e-09 5.032e-10 2.326e-03 3.470e-10 3.603e-08 2.367e-01 4.214e-10 4.426e-10 4.852e-10 4.737e-06 3.066e-10
75 TP 17 2.478e-09 1.492e-09 2.571e-09 2.930e-09 2.028e-09 3.774e-09 1.743e-09 1.362e-07 2.790e-09 1.826e-02 6.835e-09 5.204e-09 1.477e-09 1.290e-09 4.041e-09 4.375e-09 3.731e-01 1.392e-09 9.774e-08 2.275e-09 2.236e-07 1.154e-09 3.137e-09 4.740e-09 1.169e-09 1.216e-09 2.611e-09 6.087e-01 1.102e-09
75 TP 18 2.029e-09 3.207e-09 3.488e-09 5.717e-01 1.417e-09 1.654e-01 1.727e-02 4.950e-08 1.748e-09 4.295e-09 1.879e-09 6.473e-09 1.619e-01 2.949e-04 3.423e-09 1.487e-07 7.049e-09 2.188e-02 1.567e-08 1.774e-09 1.571e-08 1.467e-09 3.113e-09 9.231e-04 7.650e-03 4.608e-02 1.466e-09 6.850e-03 1.312e-09
75 TP 19 1.898e-04 1.072e-10 2.126e-11 2.850e-11 1.912e-11 4.589e-11 1.051e-08 3.104e-02 3.269e-11 3.060e-08 3.834e-11 3.202e-02 1.311e-11 5.044e-11 4.837e-11 4.132e-11 7.151e-05 2.128e-11 9.128e-01 2.408e-11 2.377e-02 2.226e-11 1.284e-04 6.316e-11 4.422e-11 2.114e-10 1.429e-11 5.533e-11 8.474e-12
75 TP 20 2.103e-09 2.382e-09 2.659e-09 2.533e-09 2.285e-09 2.280e-09 2.394e-09 1.866e-08 2.364e-09 2.201e-09 9.285e-05 2.744e-08 2.465e-09 2.928e-09 2.156e-09 2.619e-09 2.091e-09 2.095e-09 4.155e-08 6.804e-01 1.740e-03 2.664e-02 4.685e-09 3.241e-09 2.081e-09 2.001e-09 2.627e-01 2.110e-09 2.843e-02
75 TP 21 1.402e-10 1.802e-10 1.968e-10 3.354e-10 2.220e-10 2.473e-10 2.865e-10 3.109e-01 2.705e-10 2.425e-10 3.687e-10 7.979e-08 4.562e-05 2.108e-10 1.526e-10 2.971e-10 1.174e-10 9.024e-11 8.062e-04 4.443e-10 6.883e-01 1.554e-10 3.250e-10 6.718e-10 7.710e-11 7.827e-11 3.126e-10 1.157e-10 1.876e-10
