73 IP 1 9.561e-10
73 IP 2 5.269e-04
73 IP 3 8.734e-10
73 IP 4 8.735e-10
73 IP 5 9.995e-01
73 IP 6 4.361e-08
73 EP 1 5.475e-01 1.931e-07 4.525e-01 5.433e-08
73 EP 2 9.817e-01 1.311e-05 1.832e-02 3.627e-08
73 EP 3 1.487e-07 4.178e-09 1.000e+00 4.039e-09
73 EP 4 1.212e-03 5.244e-05 8.617e-07 9.987e-01
73 EP 5 8.719e-01 2.116e-02 4.134e-10 1.070e-01
73 EP 6 6.625e-01 6.217e-03 3.313e-01 1.112e-10
73 TP 1 1.893e-01 7.973e-01 1.338e-02 5.837e-08 2.298e-06 1.940e-06
73 TP 2 6.837e-02 4.655e-01 4.517e-03 1.654e-02 1.549e-03 4.435e-01
73 TP 3 5.373e-02 2.434e-02 9.219e-01 3.937e-09 2.780e-06 4.251e-06
73 TP 4 4.310e-03 8.347e-03 3.121e-03 2.709e-02 2.926e-06 9.571e-01
73 TP 5 5.677e-12 9.551e-12 6.032e-05 2.747e-06 7.789e-01 2.211e-01
73 TP 6 2.405e-12 7.693e-12 1.451e-10 1.974e-12 1.061e-01 8.939e-01
74 IP 1 9.463e-01
74 IP 2 8.725e-10
74 IP 3 1.852e-04
74 IP 4 8.696e-10
74 IP 5 1.114e-09
74 IP 6 8.696e-10
74 IP 7 8.696e-10
74 IP 8 5.355e-02
74 IP 9 1.924e-09
74 IP 10 2.732e-09
74 EP 1 1.000e+00 2.585e-05 2.547e-09 1.399e-05
74 EP 2 6.570e-01 5.648e-03 3.374e-01 1.233e-08
74 EP 3 7.072e-01 1.186e-02 9.045e-03 2.719e-01
74 EP 4 2.773e-07 1.052e-08 1.607e-09 1.000e+00
74 EP 5 2.834e-01 2.857e-05 7.166e-01 2.799e-10
74 EP 6 4.729e-05 1.044e-01 2.588e-09 8.956e-01
74 EP 7 3.056e-05 2.210e-05 9.999e-01 7.552e-11
74 EP 8 7.423e-01 4.324e-02 4.731e-02 1.671e-01
74 EP 9 5.440e-01 4.548e-01 1.216e-03 2.193e-08
74 EP 10 9.232e-01 1.768e-03 7.501e-02 7.364e-11
74 TP 1 6.839e-01 9.497e-12 1.870e-05 2.677e-02 5.853e-04 9.143e-02 4.683e-03 5.870e-10 1.824e-02 1.743e-01
74 TP 2 4.282e-08 8.229e-01 1.767e-01 1.634e-08 2.121e-08 2.238e-08 3.314e-04 5.696e-07 4.218e-06 2.054e-08
74 TP 3 1.134e-05 6.265e-02 5.348e-01 6.534e-02 2.421e-08 1.192e-01 1.626e-07 2.171e-01 7.948e-04 2.865e-08
74 TP 4 1.560e-01 1.911e-03 3.411e-04 1.970e-01 3.384e-01 1.873e-01 1.189e-01 3.970e-08 2.269e-05 5.963e-05
74 TP 5 5.738e-02 7.015e-12 7.338e-12 6.077e-11 1.818e-01 9.699e-10 7.051e-02 3.750e-10 3.948e-03 6.864e-01
74 TP 6 4.029e-01 7.915e-11 9.925e-10 4.918e-03 2.967e-03 6.938e-02 1.310e-02 4.739e-09 9.471e-08 5.067e-01
74 TP 7 9.979e-02 3.111e-11 3.230e-11 7.007e-11 9.883e-02 2.534e-10 5.066e-01 1.228e-09 1.728e-03 2.930e-01
74 TP 8 7.605e-09 6.281e-10 2.061e-04 6.731e-09 7.696e-09 6.654e-09 5.322e-09 9.998e-01 8.489e-09 7.864e-09
74 TP 9 2.375e-01 2.105e-10 4.377e-10 1.545e-09 3.042e-02 2.553e-02 1.474e-05 5.298e-09 4.351e-02 6.630e-01
74 TP 10 4.350e-02 2.445e-12 3.216e-12 8.520e-08 2.498e-01 2.080e-02 1.697e-02 1.518e-10 1.773e-02 6.512e-01
75 IP 1 1.001e-09
75 IP 2 9.071e-02
75 IP 3 8.482e-10
75 IP 4 9.038e-10
75 IP 5 8.523e-01
75 IP 6 8.482e-10
75 IP 7 5.701e-02
75 IP 8 1.132e-08
75 IP 9 1.408e-08
75 EP 1 7.437e-01 1.030e-03 2.552e-01 9.391e-11
75 EP 2 9.803e-01 5.896e-04 1.743e-02 1.649e-03
75 EP 3 2.138e-04 6.049e-10 9.998e-01 5.774e-10
75 EP 4 7.740e-01 4.419e-03 9.316e-09 2.215e-01
75 EP 5 9.552e-01 3.923e-02 5.614e-03 1.915e-07
75 EP 6 3.457e-07 3.891e-01 7.558e-03 6.034e-01
75 EP 7 7.525e-01 1.562e-02 3.115e-02 2.007e-01
75 EP 8 5.868e-01 1.274e-10 4.132e-01 9.659e-11
75 EP 9 8.014e-01 6.821e-10 5.689e-10 1.986e-01
75 TP 1 9.402e-01 3.580e-02 2.242e-02 6.837e-04 7.026e-10 8.628e-04 8.625e-11 9.651e-10 2.027e-09
75 TP 2 2.868e-01 4.363e-01 3.318e-02 5.401e-02 1.753e-01 8.430e-03 1.476e-09 4.594e-08 5.922e-03
75 TP 3 2.121e-01 2.613e-02 7.618e-01 6.631e-10 1.371e-08 5.842e-10 6.079e-10 1.916e-08 7.176e-09
75 TP 4 5.653e-01 1.098e-01 9.498e-02 2.224e-01 2.952e-08 8.803e-09 8.097e-09 7.467e-03 1.413e-05
75 TP 5 7.418e-11 3.052e-11 1.019e-09 1.193e-10 5.850e-01 1.707e-11 1.027e-10 1.807e-01 2.343e-01
75 TP 6 3.957e-01 4.698e-01 5.277e-08 5.601e-08 1.175e-07 1.322e-02 5.064e-08 1.213e-01 1.142e-07
75 TP 7 1.511e-11 1.497e-11 1.519e-11 1.490e-11 3.911e-10 1.476e-11 9.989e-01 1.430e-09 1.114e-03
75 TP 8 4.296e-11 3.289e-06 1.326e-04 2.013e-11 1.988e-01 6.185e-12 1.184e-10 7.688e-01 3.221e-02
75 TP 9 7.466e-09 7.699e-11 2.019e-04 1.882e-04 2.294e-01 1.320e-11 4.827e-04 2.520e-01 5.178e-01
76 IP 1 1.348e-01
76 IP 2 2.809e-02
76 IP 3 1.360e-09
76 IP 4 2.245e-09
76 IP 5 9.833e-10
76 IP 6 2.722e-09
76 IP 7 9.848e-10
76 IP 8 9.833e-10
76 IP 9 1.500e-09
76 IP 10 3.589e-08
76 IP 11 8.357e-01
76 IP 12 1.040e-09
76 IP 13 1.336e-03
76 IP 14 9.833e-10
76 IP 15 9.833e-10
76 IP 16 9.889e-10
76 IP 17 2.466e-09
76 EP 1 9.273e-01 4.325e-02 2.946e-02 1.403e-09
76 EP 2 7.637e-01 8.783e-02 6.364e-02 8.484e-02
76 EP 3 8.631e-01 4.296e-05 1.368e-01 1.908e-10
76 EP 4 9.982e-01 2.070e-04 1.630e-03 1.073e-09
76 EP 5 1.799e-09 4.465e-10 1.000e+00 4.097e-10
76 EP 6 6.981e-01 5.498e-03 2.821e-10 2.964e-01
76 EP 7 1.510e-02 2.679e-08 9.849e-01 2.768e-08
76 EP 8 9.705e-07 4.810e-03 8.446e-09 9.952e-01
76 EP 9 9.521e-01 2.527e-03 4.540e-02 4.671e-10
76 EP 10 6.823e-01 6.500e-03 3.112e-01 5.278e-11
76 EP 11 9.242e-01 3.787e-03 5.871e-02 1.326e-02
76 EP 12 3.656e-01 1.222e-05 6.344e-01 3.954e-10
76 EP 13 8.764e-01 2.076e-02 2.456e-10 1.029e-01
76 EP 14 2.818e-07 1.154e-07 4.660e-08 1.000e+00
76 EP 15 1.077e-07 1.000e+00 6.664e-08 9.842e-08
76 EP 16 4.569e-02 1.877e-09 9.543e-01 9.081e-10
76 EP 17 5.255e-01 1.320e-09 4.745e-01 1.092e-09
76 TP 1 5.831e-01 4.343e-10 2.784e-11 2.733e-11 3.394e-11 3.741e-01 2.658e-11 2.667e-11 2.779e-11 2.447e-09 3.532e-11 2.714e-11 4.852e-10 2.524e-11 3.000e-11 2.821e-11 4.281e-02
76 TP 2 1.397e-05 9.980e-01 8.792e-11 8.500e-11 1.160e-10 1.720e-03 8.297e-11 8.230e-11 8.733e-11 2.355e-04 1.021e-10 8.840e-11 2.019e-09 7.721e-11 3.192e-09 1.057e-10 5.303e-10
76 TP 3 1.525e-10 1.499e-10 5.952e-01 3.312e-02 1.592e-05 1.521e-10 1.360e-04 4.043e-10 1.749e-01 1.653e-09 7.950e-04 1.516e-01 1.704e-09 3.129e-03 4.999e-03 3.609e-02 1.545e-10
76 TP 4 7.689e-10 7.502e-10 7.572e-02 3.059e-01 6.493e-02 7.731e-10 2.032e-04 6.880e-02 8.390e-02 6.797e-09 9.037e-02 1.671e-01 6.814e-09 1.319e-02 1.375e-02 1.161e-01 7.660e-10
76 TP 5 2.027e-09 4.779e-10 3.236e-05 2.280e-02 7.165e-01 7.674e-10 1.785e-08 4.083e-10 1.514e-04 2.348e-07 3.441e-02 1.149e-04 1.375e-08 4.080e-10 6.019e-10 2.252e-01 7.562e-04
76 TP 6 1.598e-01 3.058e-04 1.493e-11 1.468e-11 1.641e-11 7.924e-01 1.469e-11 1.504e-11 1.487e-11 3.159e-10 1.848e-11 1.481e-11 1.795e-10 1.403e-11 1.492e-11 1.504e-11 4.748e-02
76 TP 7 3.052e-08 2.837e-08 4.045e-02 8.016e-02 9.674e-08 2.866e-08 8.128e-02 2.625e-08 8.393e-02 6.562e-05 1.116e-01 5.888e-01 1.088e-07 2.624e-08 2.674e-08 1.363e-02 3.462e-08
76 TP 8 6.111e-09 5.740e-09 1.292e-06 1.324e-01 1.082e-02 6.162e-09 1.325e-01 1.347e-01 2.593e-04 2.477e-01 1.266e-01 1.019e-01 1.088e-01 5.695e-08 4.261e-03 2.566e-07 6.270e-09
76 TP 9 4.684e-10 4.536e-10 6.081e-01 1.258e-01 1.441e-02 4.656e-10 2.772e-04 8.472e-09 2.810e-03 5.042e-09 1.000e-02 1.326e-01 5.694e-09 9.731e-10 3.869e-03 1.022e-01 4.679e-10
76 TP 10 6.061e-11 4.191e-06 1.402e-11 1.438e-11 2.334e-04 3.158e-11 1.331e-11 5.120e-12 1.371e-11 8.511e-01 7.230e-11 1.339e-11 1.486e-01 3.291e-12 1.696e-05 2.027e-11 1.063e-04
76 TP 11 4.480e-10 8.271e-09 1.199e-06 7.116e-03 7.758e-10 2.278e-10 3.602e-10 1.243e-10 1.601e-03 1.083e-08 9.495e-01 7.874e-10 4.175e-02 6.376e-11 1.081e-10 6.071e-10 2.457e-10
76 TP 12 3.673e-10 3.626e-10 3.619e-01 2.568e-02 4.436e-03 3.614e-10 2.282e-03 3.724e-10 1.867e-01 3.613e-09 5.749e-08 4.131e-01 2.725e-09 3.824e-10 3.185e-05 5.838e-03 3.787e-10
76 TP 13 3.689e-11 2.938e-11 2.218e-11 2.358e-11 1.075e-04 3.570e-11 1.953e-11 1.977e-04 2.210e-11 2.298e-01 3.610e-10 2.058e-11 7.699e-01 1.531e-11 2.378e-09 3.072e-11 1.715e-10
76 TP 14 2.464e-08 2.372e-08 1.896e-07 9.701e-01 1.128e-02 2.471e-08 4.333e-07 3.192e-08 4.024e-04 1.400e-07 1.071e-07 4.403e-07 1.530e-07 1.824e-02 4.446e-07 8.875e-08 2.428e-08
76 TP 15 1.472e-08 1.410e-08 1.832e-01 2.456e-01 1.465e-08 1.401e-08 3.130e-03 9.977e-08 1.311e-02 3.798e-01 5.649e-08 7.301e-04 1.507e-01 1.022e-02 1.954e-03 1.153e-02 1.417e-08
76 TP 16 1.044e-09 8.750e-10 2.454e-01 8.107e-02 3.202e-01 9.471e-10 7.050e-04 8.149e-10 3.450e-01 1.809e-08 7.649e-08 7.151e-03 9.163e-09 8.240e-10 4.571e-04 4.831e-06 1.157e-09
76 TP 17 5.893e-01 8.194e-10 1.259e-10 1.236e-10 1.634e-10 5.563e-09 1.233e-10 1.193e-10 1.253e-10 8.181e-03 1.584e-10 1.243e-10 1.578e-09 1.158e-10 1.311e-10 1.296e-10 4.025e-01
77 IP 1 1.279e-09
77 IP 2 1.100e-09
77 IP 3 1.102e-09
77 IP 4 1.100e-09
77 IP 5 1.223e-08
77 IP 6 8.351e-01
77 IP 7 1.681e-08
77 IP 8 1.108e-09
77 IP 9 6.683e-09
77 IP 10 1.649e-01
77 IP 11 1.100e-09
77 IP 12 1.101e-09
77 IP 13 1.125e-09
77 IP 14 1.100e-09
77 EP 1 9.830e-01 7.475e-04 1.600e-02 2.343e-04
77 EP 2 1.604e-03 9.976e-01 6.794e-07 8.216e-04
77 EP 3 2.278e-01 7.480e-05 4.118e-08 7.721e-01
77 EP 4 8.098e-04 9.724e-02 1.352e-08 9.019e-01
77 EP 5 6.344e-01 1.962e-03 3.636e-01 1.458e-10
77 EP 6 9.178e-01 6.487e-02 1.092e-04 1.720e-02
77 EP 7 9.780e-01 1.356e-09 1.059e-09 2.203e-02
77 EP 8 3.753e-01 3.053e-03 6.217e-01 7.979e-10
77 EP 9 7.608e-01 1.080e-02 3.650e-10 2.284e-01
77 EP 10 8.894e-01 5.565e-03 9.691e-02 8.171e-03
77 EP 11 1.684e-01 6.358e-02 2.069e-07 7.680e-01
77 EP 12 4.545e-02 1.395e-03 9.532e-01 3.294e-08
77 EP 13 7.399e-01 3.812e-04 2.597e-01 3.885e-10
77 EP 14 6.947e-07 4.606e-10 1.000e+00 2.761e-10
77 TP 1 3.140e-01 8.079e-03 1.301e-02 1.108e-01 2.462e-08 2.429e-08 7.420e-09 1.180e-01 7.450e-09 9.293e-03 1.547e-03 1.447e-02 3.538e-01 5.694e-02
77 TP 2 3.647e-01 4.022e-03 4.205e-08 1.963e-03 1.322e-01 1.308e-01 3.271e-07 5.098e-04 7.028e-07 2.193e-01 5.330e-03 3.060e-04 1.408e-01 4.705e-05
77 TP 3 1.219e-03 5.339e-08 1.530e-01 1.257e-01 1.375e-01 4.149e-03 1.460e-07 2.576e-01 1.769e-06 5.960e-02 3.614e-03 4.155e-08 3.830e-03 2.537e-01
77 TP 4 1.378e-01 1.951e-03 3.042e-04 3.507e-02 3.071e-08 5.407e-02 1.444e-08 4.387e-04 3.054e-08 4.904e-01 1.836e-04 5.152e-09 2.384e-01 4.130e-02
77 TP 5 5.551e-05 3.119e-11 9.992e-12 2.855e-10 7.591e-01 9.328e-02 1.369e-01 1.204e-10 1.050e-02 4.503e-09 9.610e-09 1.251e-10 1.278e-10 2.303e-04
77 TP 6 1.411e-04 1.453e-05 9.081e-11 1.242e-07 1.932e-01 6.408e-01 1.059e-01 4.781e-10 5.990e-02 3.666e-10 6.635e-06 1.762e-10 7.897e-10 7.026e-09
77 TP 7 3.028e-09 3.317e-05 3.923e-11 9.901e-11 1.326e-03 3.389e-02 1.686e-01 3.288e-10 7.959e-01 5.050e-10 1.754e-11 1.587e-10 4.604e-10 2.411e-04
77 TP 8 1.380e-01 4.946e-04 7.653e-10 7.950e-10 9.464e-09 7.516e-09 5.893e-09 2.091e-01 5.143e-09 2.417e-02 2.972e-05 9.003e-03 4.295e-01 1.896e-01
77 TP 9 5.448e-11 9.459e-12 5.112e-07 1.419e-11 1.843e-01 4.844e-02 1.783e-01 1.045e-10 5.890e-01 1.341e-10 5.784e-12 3.014e-11 1.302e-10 6.983e-09
77 TP 10 1.792e-02 6.043e-10 1.473e-10 1.516e-10 2.969e-03 5.037e-09 1.910e-09 9.340e-06 1.920e-09 9.766e-01 9.658e-11 1.185e-09 2.544e-03 4.791e-08
77 TP 11 8.679e-01 1.889e-07 2.326e-07 5.931e-02 4.133e-07 5.365e-06 3.397e-07 2.015e-07 1.006e-06 3.146e-07 7.254e-02 1.853e-07 2.411e-04 2.019e-07
77 TP 12 4.575e-01 1.001e-05 9.447e-09 9.732e-09 2.092e-07 1.762e-07 1.233e-07 5.682e-03 7.602e-08 3.989e-03 8.614e-03 2.744e-06 2.351e-01 2.891e-01
77 TP 13 1.450e-01 3.330e-04 4.005e-10 9.164e-09 4.500e-09 3.205e-09 2.318e-09 3.035e-01 2.112e-09 9.508e-03 3.061e-06 1.027e-02 4.052e-01 1.262e-01
77 TP 14 3.381e-02 2.261e-04 2.889e-10 2.933e-10 4.459e-02 1.724e-08 1.019e-08 2.144e-03 2.386e-09 7.409e-02 3.170e-10 1.102e-02 7.309e-02 7.610e-01
78 IP 1 4.599e-03
78 IP 2 1.134e-09
78 IP 3 1.159e-09
78 IP 4 1.121e-09
78 IP 5 1.149e-09
78 IP 6 1.121e-09
78 IP 7 7.484e-01
78 IP 8 1.064e-08
78 IP 9 2.470e-01
78 IP 10 1.121e-09
78 IP 11 1.135e-09
78 IP 12 1.401e-09
78 IP 13 1.122e-09
78 IP 14 6.730e-09
78 EP 1 9.998e-01 2.262e-04 1.673e-07 4.833e-09
78 EP 2 9.081e-01 1.446e-02 7.749e-02 1.776e-08
78 EP 3 8.342e-01 5.051e-03 3.881e-09 1.608e-01
78 EP 4 2.626e-09 3.599e-10 1.000e+00 3.256e-10
78 EP 5 2.735e-01 2.472e-08 7.265e-01 1.413e-08
78 EP 6 2.636e-07 1.000e+00 1.206e-07 1.787e-07
78 EP 7 9.458e-01 3.342e-02 2.047e-02 3.367e-04
78 EP 8 7.095e-01 3.242e-09 4.574e-10 2.905e-01
78 EP 9 9.137e-01 3.483e-03 6.460e-02 1.822e-02
78 EP 10 1.956e-07 1.513e-01 6.022e-01 2.465e-01
78 EP 11 1.787e-01 2.039e-03 1.838e-08 8.192e-01
78 EP 12 7.517e-01 3.122e-03 2.452e-01 1.148e-10
78 EP 13 1.572e-02 1.510e-03 2.156e-08 9.828e-01
78 EP 14 5.778e-01 1.664e-10 4.222e-01 1.763e-10
78 TP 1 2.941e-01 1.496e-02 8.234e-02 6.708e-02 3.282e-03 9.470e-03 6.438e-06 2.210e-08 7.815e-02 1.214e-02 2.014e-09 3.859e-01 5.260e-02 2.455e-08
78 TP 2 3.396e-08 5.771e-01 2.350e-05 1.902e-08 5.792e-02 1.748e-08 8.754e-07 2.545e-07 1.915e-08 3.650e-01 1.773e-08 1.812e-08 1.763e-08 6.299e-07
78 TP 3 1.702e-01 1.150e-02 7.406e-01 3.935e-09 4.967e-02 3.838e-09 1.620e-08 1.186e-08 3.981e-09 2.804e-02 3.856e-09 3.900e-09 3.848e-09 4.330e-08
78 TP 4 1.258e-02 3.222e-10 3.212e-10 7.320e-01 3.497e-10 3.691e-10 2.106e-08 4.083e-09 3.321e-02 3.231e-10 3.534e-10 1.609e-01 3.263e-10 6.124e-02
78 TP 5 2.530e-01 3.597e-03 3.251e-03 1.552e-08 5.295e-01 1.386e-08 4.497e-02 3.511e-08 1.583e-08 1.622e-03 1.398e-08 1.455e-08 1.388e-08 1.641e-01
78 TP 6 3.968e-01 6.468e-08 6.458e-08 7.040e-08 6.486e-08 1.495e-03 7.691e-05 1.075e-07 1.610e-03 6.439e-08 7.992e-08 5.382e-01 6.183e-02 2.263e-07
78 TP 7 7.308e-09 3.223e-10 1.073e-11 7.329e-10 6.276e-11 9.947e-08 5.818e-01 2.690e-01 1.705e-08 8.269e-11 4.397e-11 1.182e-10 3.051e-10 1.492e-01
78 TP 8 1.035e-05 3.528e-05 1.211e-11 4.169e-07 3.580e-11 1.614e-08 3.037e-01 5.672e-01 5.525e-06 1.530e-11 3.327e-05 2.267e-10 5.802e-11 1.290e-01
78 TP 9 1.936e-03 4.655e-11 4.594e-11 2.769e-03 5.076e-11 6.560e-11 2.148e-06 5.382e-03 9.838e-01 4.590e-11 2.538e-04 5.885e-03 8.867e-11 1.420e-09
78 TP 10 8.435e-01 4.101e-08 4.421e-02 2.677e-08 1.096e-02 2.594e-08 1.013e-01 7.062e-08 2.761e-08 2.753e-08 2.608e-08 2.653e-08 2.591e-08 4.262e-07
78 TP 11 3.794e-06 1.661e-08 2.364e-04 7.600e-02 1.730e-08 1.655e-08 3.493e-07 1.358e-06 1.126e-01 1.684e-08 6.457e-01 5.878e-08 7.822e-02 8.721e-02
78 TP 12 2.632e-02 7.000e-11 6.954e-11 4.069e-02 7.237e-11 4.774e-04 6.503e-10 6.847e-10 7.126e-06 6.962e-11 1.416e-07 9.312e-01 1.273e-03 7.241e-10
78 TP 13 1.732e-01 1.387e-08 1.387e-08 5.071e-02 1.391e-08 7.162e-03 1.215e-07 4.462e-05 8.269e-02 1.386e-08 1.648e-02 6.204e-01 4.930e-02 7.522e-08
78 TP 14 3.224e-05 4.151e-11 2.199e-11 5.154e-04 5.755e-05 1.577e-11 3.735e-01 1.373e-02 6.483e-10 1.726e-11 2.308e-05 1.129e-10 1.643e-11 6.121e-01
79 IP 1 1.422e-01
79 IP 2 1.234e-02
79 IP 3 7.447e-02
79 IP 4 1.304e-09
79 IP 5 1.304e-09
79 IP 6 7.703e-01
79 IP 7 1.200e-08
79 IP 8 1.356e-09
79 IP 9 1.324e-09
79 IP 10 7.083e-04
79 EP 1 8.293e-01 2.592e-02 1.448e-01 3.073e-10
79 EP 2 9.903e-01 2.298e-03 7.295e-03 1.480e-04
79 EP 3 9.009e-01 3.980e-03 7.194e-02 2.313e-02
79 EP 4 1.179e-03 8.538e-02 4.595e-08 9.134e-01
79 EP 5 1.134e-03 1.545e-08 9.989e-01 3.278e-10
79 EP 6 7.154e-01 6.961e-03 2.776e-01 2.167e-06
79 EP 7 7.772e-01 1.144e-02 1.007e-10 2.114e-01
79 EP 8 6.997e-01 3.281e-05 3.003e-01 4.149e-10
79 EP 9 3.933e-01 6.066e-01 6.277e-05 8.477e-06
79 EP 10 8.654e-01 2.107e-02 1.882e-10 1.136e-01
79 TP 1 6.754e-01 1.445e-11 3.069e-11 1.367e-11 1.026e-04 1.399e-03 3.231e-01 1.530e-11 1.520e-11 4.972e-09
79 TP 2 1.691e-09 2.743e-01 5.411e-02 2.911e-02 5.095e-02 1.793e-08 1.742e-09 5.789e-01 8.959e-03 3.624e-03
79 TP 3 5.400e-11 8.385e-04 9.931e-01 1.694e-10 4.867e-03 1.814e-07 5.484e-11 6.469e-06 2.755e-10 1.221e-03
79 TP 4 4.180e-08 3.783e-01 6.736e-08 7.175e-02 1.401e-01 3.100e-04 4.219e-08 4.089e-01 6.095e-04 1.499e-07
79 TP 5 2.846e-03 1.273e-02 3.647e-02 3.208e-10 7.663e-01 7.035e-02 1.556e-09 1.113e-01 1.239e-05 5.749e-09
79 TP 6 1.729e-04 3.506e-11 4.179e-08 5.071e-12 5.764e-07 8.061e-01 9.686e-10 2.923e-11 6.140e-06 1.938e-01
79 TP 7 1.150e-01 5.111e-12 1.038e-11 5.032e-12 1.362e-11 3.089e-09 8.850e-01 5.351e-12 4.809e-12 6.093e-10
79 TP 8 4.579e-10 1.576e-01 3.245e-04 9.636e-04 1.209e-01 3.045e-09 4.535e-10 7.188e-01 1.394e-03 3.344e-09
79 TP 9 8.681e-08 5.770e-01 1.053e-06 1.285e-04 1.001e-07 9.498e-07 8.541e-08 2.216e-01 6.608e-03 1.947e-01
79 TP 10 2.271e-04 3.485e-08 9.507e-05 1.342e-10 6.206e-04 1.995e-01 9.518e-10 3.078e-11 8.382e-08 7.995e-01
80 IP 1 1.328e-09
80 IP 2 1.341e-09
80 IP 3 1.335e-09
80 IP 4 9.622e-01
80 IP 5 3.783e-02
80 IP 6 1.337e-09
80 IP 7 1.323e-09
80 IP 8 1.452e-08
80 IP 9 1.323e-09
80 IP 10 1.323e-09
80 IP 11 1.648e-09
80 IP 12 1.359e-09
80 EP 1 5.182e-01 3.005e-04 1.084e-09 4.815e-01
80 EP 2 7.208e-01 1.732e-02 5.365e-09 2.618e-01
80 EP 3 9.897e-01 1.028e-02 4.698e-09 3.136e-06
80 EP 4 8.118e-01 1.909e-02 2.393e-10 1.691e-01
80 EP 5 9.676e-01 3.242e-02 2.441e-08 4.360e-09
80 EP 6 8.434e-01 2.936e-03 3.560e-09 1.537e-01
80 EP 7 1.617e-02 3.676e-03 9.802e-01 3.190e-08
80 EP 8 8.328e-01 8.924e-03 1.583e-01 9.627e-11
80 EP 9 9.169e-03 1.516e-01 8.392e-01 1.668e-07
80 EP 10 3.593e-05 6.427e-02 8.202e-02 8.537e-01
80 EP 11 9.991e-01 9.041e-04 3.216e-09 2.053e-06
80 EP 12 3.738e-02 1.450e-10 9.626e-01 1.438e-10
80 TP 1 7.554e-01 5.449e-03 4.455e-02 5.055e-09 3.756e-05 3.015e-02 1.431e-02 5.716e-09 1.524e-09 3.933e-02 1.108e-01 8.756e-08
80 TP 2 1.229e-01 4.611e-01 2.378e-01 1.140e-08 3.924e-03 5.348e-02 6.004e-09 1.012e-08 5.872e-09 8.657e-03 1.121e-01 8.260e-09
80 TP 3 8.277e-02 2.176e-02 2.970e-01 1.210e-08 2.054e-02 2.637e-01 2.493e-07 9.726e-09 8.359e-04 2.747e-01 3.870e-02 9.450e-09
80 TP 4 4.260e-11 3.307e-11 3.714e-11 8.166e-01 1.230e-05 4.173e-11 2.493e-05 1.699e-01 1.249e-08 2.992e-11 2.479e-11 1.341e-02
80 TP 5 2.792e-08 3.432e-04 3.700e-02 7.309e-02 8.588e-01 5.449e-06 4.574e-03 1.650e-08 5.360e-05 7.236e-09 2.614e-02 3.626e-09
80 TP 6 5.360e-01 2.874e-02 1.933e-02 8.377e-09 2.935e-04 3.888e-01 8.708e-09 6.599e-09 6.961e-09 1.155e-05 2.678e-02 6.087e-09
80 TP 7 2.985e-08 3.287e-08 2.283e-07 1.091e-07 4.804e-01 3.611e-08 1.667e-01 3.696e-02 3.875e-08 2.883e-08 3.159e-01 4.265e-08
80 TP 8 2.018e-11 1.992e-11 3.343e-11 1.561e-01 1.945e-11 2.770e-11 4.894e-12 8.279e-01 1.259e-11 8.585e-12 1.382e-11 1.607e-02
80 TP 9 2.006e-03 2.234e-07 6.075e-02 1.043e-06 2.835e-01 3.681e-01 8.567e-03 4.241e-03 4.436e-02 2.338e-03 2.261e-01 6.511e-08
80 TP 10 1.517e-08 6.158e-06 6.944e-03 5.039e-08 2.477e-01 1.483e-05 1.415e-03 9.358e-05 1.191e-08 1.446e-08 7.438e-01 1.679e-08
80 TP 11 8.142e-02 2.345e-01 8.830e-02 8.823e-09 1.080e-02 2.012e-01 4.514e-03 6.424e-09 4.281e-02 1.027e-02 3.256e-01 5.490e-04
80 TP 12 9.799e-10 4.642e-08 1.461e-04 1.106e-09 9.007e-11 4.360e-05 4.393e-11 4.998e-01 5.287e-11 3.669e-07 9.724e-11 5.000e-01
81 IP 1 3.922e-03
81 IP 2 1.751e-09
81 IP 3 1.603e-09
81 IP 4 1.604e-09
81 IP 5 1.817e-09
81 IP 6 9.961e-01
81 IP 7 1.611e-09
81 IP 8 1.825e-08
81 EP 1 9.975e-01 2.509e-03 2.211e-08 4.161e-06
81 EP 2 5.021e-01 9.534e-04 4.134e-09 4.970e-01
81 EP 3 1.505e-04 2.688e-09 1.050e-09 9.998e-01
81 EP 4 5.578e-03 7.656e-02 5.791e-02 8.600e-01
81 EP 5 9.703e-01 1.014e-02 1.954e-02 4.202e-08
81 EP 6 8.461e-01 1.879e-02 8.577e-11 1.351e-01
81 EP 7 8.253e-03 1.834e-10 9.917e-01 1.286e-10
81 EP 8 8.375e-01 8.598e-03 1.539e-01 8.614e-11
81 TP 1 4.063e-01 2.590e-01 6.230e-08 6.645e-03 2.296e-02 3.047e-01 4.567e-06 3.686e-04
81 TP 2 9.733e-02 9.018e-01 1.462e-08 8.968e-04 3.877e-08 1.483e-08 5.033e-09 1.039e-08
81 TP 3 4.670e-10 1.081e-09 1.844e-01 8.478e-11 9.774e-04 3.115e-03 2.071e-02 7.908e-01
81 TP 4 9.640e-01 3.225e-02 1.102e-06 3.747e-03 1.170e-06 3.987e-06 1.078e-06 2.109e-06
81 TP 5 2.538e-03 2.952e-01 2.058e-02 3.526e-03 6.781e-01 1.479e-05 3.020e-08 3.817e-08
81 TP 6 1.632e-06 2.512e-11 3.258e-02 5.935e-12 3.503e-11 8.158e-01 9.806e-04 1.506e-01
81 TP 7 1.280e-05 8.371e-11 7.936e-11 5.495e-11 2.389e-06 1.211e-08 5.364e-01 4.636e-01
81 TP 8 1.985e-08 1.195e-11 6.577e-11 3.665e-07 6.020e-12 1.493e-01 1.550e-02 8.352e-01
82 IP 1 1.695e-09
82 IP 2 1.863e-09
82 IP 3 1.692e-09
82 IP 4 3.962e-09
82 IP 5 1.701e-09
82 IP 6 1.892e-09
82 IP 7 1.759e-09
82 IP 8 1.717e-09
82 IP 9 2.128e-02
82 IP 10 2.754e-09
82 IP 11 3.556e-09
82 IP 12 1.800e-09
82 IP 13 1.693e-09
82 IP 14 1.707e-09
82 IP 15 9.787e-01
82 IP 16 1.712e-09
82 IP 17 9.677e-09
82 EP 1 2.643e-01 1.079e-03 7.346e-01 4.811e-08
82 EP 2 1.000e+00 4.602e-07 1.484e-09 1.290e-08
82 EP 3 6.664e-08 1.000e+00 7.470e-06 4.940e-08
82 EP 4 9.999e-01 1.331e-06 1.312e-04 4.722e-10
82 EP 5 8.553e-02 1.061e-02 9.039e-01 1.381e-08
82 EP 6 9.286e-01 7.087e-02 2.218e-09 5.612e-04
82 EP 7 5.026e-01 6.581e-04 1.906e-10 4.968e-01
82 EP 8 4.427e-01 5.572e-01 3.342e-08 5.567e-05
82 EP 9 9.995e-01 3.948e-05 8.231e-10 4.255e-04
82 EP 10 9.316e-01 4.310e-02 2.529e-02 7.750e-09
82 EP 11 3.884e-01 1.148e-09 5.207e-10 6.116e-01
82 EP 12 9.877e-01 4.367e-08 2.902e-10 1.234e-02
82 EP 13 5.467e-03 3.416e-02 1.336e-05 9.604e-01
82 EP 14 1.463e-01 1.600e-02 8.377e-01 4.912e-09
82 EP 15 8.897e-01 1.888e-02 4.540e-09 9.145e-02
82 EP 16 1.904e-02 3.755e-10 9.810e-01 2.416e-10
82 EP 17 8.225e-01 7.233e-03 1.703e-01 1.966e-10
82 TP 1 5.623e-01 2.998e-02 6.166e-08 1.460e-07 1.253e-04 3.249e-04 4.256e-02 5.577e-03 7.296e-08 2.191e-07 1.353e-02 4.216e-04 6.733e-03 3.383e-01 1.276e-04 6.453e-08 9.427e-08
82 TP 2 1.686e-09 1.841e-01 6.243e-02 2.956e-02 8.682e-02 1.911e-02 1.391e-01 1.174e-02 6.160e-02 4.285e-03 1.241e-08 3.807e-01 1.133e-02 9.177e-03 1.027e-08 4.522e-09 8.665e-09
82 TP 3 7.576e-09 7.032e-03 2.747e-05 4.402e-01 1.241e-02 1.492e-06 4.397e-08 2.714e-03 3.189e-01 2.913e-02 2.247e-08 7.029e-08 4.081e-08 3.708e-03 1.788e-01 2.616e-04 6.766e-03
82 TP 4 1.256e-09 1.279e-02 9.644e-06 4.935e-01 2.331e-02 6.837e-03 5.046e-02 8.337e-05 4.880e-04 2.856e-01 1.527e-03 1.103e-01 5.043e-03 1.004e-02 3.006e-09 3.669e-10 1.353e-09
82 TP 5 7.202e-03 1.063e-05 4.347e-03 6.919e-01 4.240e-02 1.213e-06 3.607e-08 2.401e-09 2.782e-04 3.033e-02 5.946e-09 1.733e-01 1.090e-02 8.076e-09 3.929e-02 5.889e-09 1.270e-08
82 TP 6 2.350e-09 4.215e-02 1.719e-08 1.138e-01 6.537e-05 9.724e-03 2.262e-01 4.015e-04 1.029e-01 7.691e-03 1.852e-08 3.758e-01 1.213e-01 1.518e-07 2.689e-08 8.937e-09 2.141e-08
82 TP 7 2.334e-10 7.729e-02 3.190e-03 7.740e-02 8.573e-10 1.283e-03 6.203e-01 7.646e-04 1.444e-01 5.544e-04 3.876e-09 4.034e-02 4.250e-05 3.415e-02 4.254e-09 3.655e-04 2.767e-09
82 TP 8 2.893e-08 1.055e-02 5.393e-02 3.589e-02 2.615e-02 9.321e-02 3.449e-01 2.971e-03 1.139e-01 1.225e-02 1.091e-07 4.921e-04 3.057e-01 7.690e-07 4.538e-07 1.809e-05 4.154e-07
82 TP 9 7.340e-10 9.482e-02 2.611e-04 1.252e-01 6.800e-03 8.273e-02 1.466e-02 2.448e-03 3.201e-01 1.933e-02 5.332e-09 2.738e-01 4.779e-02 1.132e-02 6.027e-09 7.028e-04 5.542e-09
82 TP 10 2.000e-03 3.227e-02 4.014e-03 5.729e-01 9.136e-03 2.833e-03 7.740e-02 1.708e-03 2.246e-04 1.809e-01 1.945e-08 1.010e-01 4.871e-03 1.082e-02 7.545e-09 1.298e-09 4.291e-09
82 TP 11 6.026e-11 5.500e-10 6.381e-10 8.247e-05 3.262e-10 6.038e-10 9.137e-10 1.612e-10 9.968e-10 1.120e-08 3.825e-01 7.326e-10 3.034e-10 2.962e-04 2.730e-01 2.291e-02 3.211e-01
82 TP 12 5.077e-10 7.322e-02 9.302e-08 3.849e-02 8.859e-03 1.266e-02 3.897e-01 6.606e-04 9.904e-03 1.206e-02 4.939e-09 1.659e-01 2.807e-01 7.871e-03 3.672e-09 1.242e-09 2.722e-09
82 TP 13 7.125e-10 1.573e-04 1.904e-03 1.187e-01 1.379e-09 1.191e-01 1.123e-02 4.301e-07 3.107e-01 5.205e-06 1.000e-08 3.917e-01 4.649e-02 4.228e-09 1.560e-08 4.309e-07 8.699e-09
82 TP 14 3.313e-09 1.358e-04 1.689e-03 8.417e-01 3.252e-02 8.147e-09 2.587e-09 2.249e-09 6.236e-04 1.414e-02 4.767e-09 4.506e-06 2.178e-09 1.092e-01 2.769e-08 1.490e-08 1.293e-08
82 TP 15 5.553e-12 1.306e-07 1.168e-11 1.792e-09 6.208e-05 6.906e-11 9.163e-11 2.374e-11 3.274e-10 3.865e-10 6.266e-02 1.147e-10 7.356e-11 1.422e-07 7.979e-01 3.763e-10 1.394e-01
82 TP 16 1.080e-10 4.985e-10 7.867e-11 2.799e-10 1.687e-10 2.332e-10 2.786e-10 8.353e-11 1.985e-10 2.289e-10 4.757e-10 2.922e-04 2.083e-05 1.488e-10 1.144e-02 5.226e-01 4.656e-01
82 TP 17 5.854e-12 5.254e-11 7.628e-12 6.620e-11 2.913e-11 5.074e-11 8.802e-11 1.086e-11 5.998e-11 4.842e-11 1.186e-09 4.166e-10 3.379e-05 1.686e-11 1.815e-01 1.355e-02 8.049e-01
83 IP 1 1.950e-02
83 IP 2 2.606e-09
83 IP 3 2.044e-09
83 IP 4 1.995e-09
83 IP 5 1.890e-09
83 IP 6 1.951e-09
83 IP 7 1.876e-09
83 IP 8 2.681e-01
83 IP 9 7.124e-01
83 IP 10 2.413e-09
83 EP 1 9.995e-01 4.531e-04 3.908e-07 8.478e-07
83 EP 2 2.874e-01 1.068e-08 7.126e-01 1.014e-10
83 EP 3 9.137e-01 8.841e-03 1.252e-09 7.746e-02
83 EP 4 7.522e-01 4.945e-02 1.984e-01 1.915e-08
83 EP 5 2.978e-01 6.963e-04 7.015e-01 5.899e-09
83 EP 6 3.386e-01 3.406e-08 6.614e-01 2.170e-08
83 EP 7 6.458e-04 1.611e-01 4.331e-08 8.383e-01
83 EP 8 8.340e-01 1.360e-02 4.280e-02 1.096e-01
83 EP 9 8.629e-01 1.023e-02 8.906e-02 3.785e-02
83 EP 10 3.017e-01 7.407e-04 1.855e-09 6.975e-01
83 TP 1 3.742e-01 1.347e-01 1.950e-01 1.212e-01 2.649e-02 1.386e-02 1.555e-02 7.561e-08 1.266e-06 1.190e-01
83 TP 2 2.570e-03 6.052e-01 1.427e-03 9.405e-09 1.318e-03 3.076e-08 6.236e-11 6.383e-09 3.895e-01 2.056e-09
83 TP 3 3.907e-08 1.028e-07 5.512e-01 2.108e-08 8.486e-08 4.950e-09 1.540e-01 3.587e-08 1.482e-07 2.948e-01
83 TP 4 7.889e-01 1.847e-07 1.575e-03 1.814e-01 1.803e-03 2.442e-02 1.911e-03 8.573e-08 5.428e-07 2.108e-08
83 TP 5 3.212e-01 2.341e-05 1.916e-08 9.975e-02 5.448e-01 3.418e-02 6.381e-09 1.888e-07 1.955e-07 1.237e-08
83 TP 6 9.509e-07 1.972e-05 3.697e-01 3.655e-08 1.018e-05 6.257e-01 4.567e-03 3.106e-07 4.486e-07 3.920e-08
83 TP 7 7.124e-01 9.620e-08 1.707e-01 7.462e-05 4.440e-02 7.627e-09 1.926e-03 6.449e-02 3.816e-07 5.953e-03
83 TP 8 2.661e-11 3.975e-10 4.530e-04 1.417e-11 3.602e-11 4.423e-11 2.260e-11 9.995e-01 5.262e-10 7.152e-05
83 TP 9 5.587e-05 2.466e-02 2.436e-10 4.599e-08 1.029e-10 1.486e-10 1.915e-11 5.456e-10 9.753e-01 6.318e-10
83 TP 10 2.838e-02 1.395e-01 4.331e-03 1.166e-02 1.471e-02 1.798e-09 3.771e-09 3.295e-01 4.342e-04 4.715e-01
84 IP 1 2.496e-09
84 IP 2 2.906e-03
84 IP 3 3.805e-09
84 IP 4 2.309e-09
84 IP 5 2.844e-09
84 IP 6 3.842e-09
84 IP 7 4.076e-09
84 IP 8 2.310e-09
84 IP 9 2.897e-09
84 IP 10 9.971e-01
84 IP 11 5.612e-08
84 EP 1 1.100e-01 5.684e-10 8.900e-01 2.778e-10
84 EP 2 9.981e-01 1.853e-03 4.765e-07 1.149e-08
84 EP 3 9.792e-01 2.078e-02 2.725e-08 1.861e-08
84 EP 4 9.397e-07 9.805e-01 1.779e-02 1.675e-03
84 EP 5 5.430e-01 2.979e-03 3.879e-09 4.540e-01
84 EP 6 9.897e-01 1.029e-02 5.695e-09 4.229e-07
84 EP 7 8.539e-01 7.174e-03 1.389e-01 2.137e-08
84 EP 8 2.277e-05 6.207e-02 1.568e-05 9.379e-01
84 EP 9 3.498e-01 4.257e-03 6.459e-01 5.717e-08
84 EP 10 8.367e-01 1.475e-02 2.787e-10 1.485e-01
84 EP 11 8.683e-01 7.754e-03 1.239e-01 1.765e-10
84 TP 1 5.609e-01 8.244e-05 3.464e-05 7.307e-08 1.700e-10 4.749e-05 7.185e-08 2.149e-06 2.811e-05 3.999e-09 4.389e-01
84 TP 2 8.625e-06 1.744e-01 1.216e-01 1.061e-03 2.323e-01 1.571e-01 2.072e-01 1.029e-01 3.418e-03 1.320e-07 4.442e-08
84 TP 3 1.470e-03 5.039e-02 2.426e-01 5.802e-03 4.331e-01 1.031e-02 2.264e-01 4.468e-04 2.939e-02 1.177e-06 5.277e-08
84 TP 4 2.225e-07 3.891e-01 2.593e-06 2.006e-07 1.438e-01 3.723e-01 2.126e-03 3.728e-03 1.485e-06 1.162e-03 8.775e-02
84 TP 5 3.318e-09 8.995e-02 1.767e-02 3.692e-04 7.105e-01 1.512e-01 9.653e-04 1.238e-08 2.937e-02 2.483e-08 5.096e-07
84 TP 6 3.128e-09 1.159e-01 6.030e-03 1.183e-03 1.734e-01 6.181e-01 1.104e-02 7.444e-02 1.102e-08 2.606e-08 2.074e-08
84 TP 7 4.391e-03 2.935e-01 3.867e-01 1.517e-03 6.662e-02 6.749e-03 2.270e-01 1.351e-02 5.515e-05 4.842e-07 4.083e-08
84 TP 8 2.347e-07 2.027e-01 1.315e-04 9.076e-05 1.563e-06 7.955e-01 7.163e-08 1.410e-03 4.267e-08 1.435e-07 9.674e-05
84 TP 9 4.249e-08 6.043e-01 3.042e-05 1.824e-04 7.800e-08 6.037e-03 5.907e-02 8.267e-08 1.102e-01 3.930e-06 2.202e-01
84 TP 10 8.829e-03 2.512e-07 3.916e-10 3.445e-06 9.466e-11 1.740e-10 9.615e-09 2.798e-11 4.258e-06 8.211e-01 1.701e-01
84 TP 11 6.968e-03 1.114e-05 6.864e-11 4.081e-12 3.652e-11 2.581e-10 2.468e-11 1.361e-11 5.720e-12 1.603e-01 8.327e-01
85 IP 1 2.906e-09
85 IP 2 2.340e-09
85 IP 3 3.205e-09
85 IP 4 9.661e-01
85 IP 5 3.394e-02
85 IP 6 2.322e-09
85 IP 7 3.058e-09
85 IP 8 1.841e-07
85 IP 9 3.074e-09
85 IP 10 2.601e-09
85 IP 11 2.577e-09
85 IP 12 2.311e-09
85 IP 13 2.698e-09
85 IP 14 2.310e-09
85 IP 15 2.848e-09
85 EP 1 8.048e-01 6.437e-03 1.653e-10 1.888e-01
85 EP 2 1.387e-01 6.907e-01 4.446e-07 1.706e-01
85 EP 3 9.964e-01 3.609e-03 1.385e-07 4.013e-07
85 EP 4 8.447e-01 1.422e-02 1.468e-04 1.410e-01
85 EP 5 1.000e+00 3.309e-05 1.846e-07 1.382e-09
85 EP 6 7.902e-02 4.331e-02 1.905e-04 8.775e-01
85 EP 7 9.989e-01 1.123e-03 1.248e-09 1.422e-07
85 EP 8 8.806e-01 7.716e-03 1.117e-01 1.272e-07
85 EP 9 9.838e-01 1.621e-02 2.217e-08 1.056e-08
85 EP 10 1.304e-01 4.044e-04 8.692e-01 2.427e-10
85 EP 11 8.175e-01 6.660e-03 1.759e-01 9.041e-09
85 EP 12 1.631e-02 3.266e-05 9.837e-01 1.986e-08
85 EP 13 7.360e-01 2.640e-01 3.891e-08 2.654e-08
85 EP 14 6.029e-03 6.070e-03 9.879e-01 5.887e-09
85 EP 15 9.072e-01 9.283e-02 1.256e-07 1.104e-07
85 TP 1 9.199e-01 2.145e-04 3.979e-04 4.108e-07 1.520e-02 1.312e-04 4.987e-02 1.315e-05 2.252e-03 2.903e-06 3.490e-04 3.396e-09 9.931e-04 1.070e-02 2.437e-06
85 TP 2 3.782e-01 7.025e-04 9.677e-04 3.424e-02 2.864e-01 7.571e-03 2.565e-01 2.120e-07 3.107e-04 1.577e-08 1.162e-02 2.081e-05 1.871e-02 1.549e-03 3.169e-03
85 TP 3 2.931e-01 8.758e-04 2.371e-03 5.529e-03 1.377e-01 5.154e-02 4.418e-01 2.118e-03 2.391e-02 1.602e-05 4.439e-03 2.549e-02 1.077e-03 9.819e-03 2.221e-04
85 TP 4 2.238e-10 3.032e-06 1.233e-10 8.035e-01 3.809e-10 1.401e-10 2.595e-10 1.843e-01 1.882e-10 1.209e-02 8.560e-11 3.558e-10 4.375e-09 3.157e-05 4.207e-11
85 TP 5 4.509e-01 7.034e-03 2.735e-03 1.411e-02 2.702e-01 9.119e-03 1.665e-01 7.807e-04 2.371e-02 3.481e-03 2.322e-02 1.396e-02 6.849e-03 3.857e-03 3.651e-03
85 TP 6 7.001e-02 2.413e-03 7.136e-03 4.636e-05 7.221e-01 6.228e-05 1.148e-01 9.181e-05 8.288e-04 4.546e-04 1.050e-03 1.208e-08 8.099e-02 1.840e-08 1.174e-07
85 TP 7 2.309e-01 6.462e-02 6.080e-04 8.545e-05 1.124e-01 4.837e-02 4.530e-01 2.022e-04 2.850e-02 5.380e-04 4.229e-03 3.946e-02 6.507e-04 1.460e-02 1.893e-03
85 TP 8 1.673e-10 1.095e-05 4.987e-11 1.442e-01 8.304e-11 8.441e-11 9.814e-11 8.482e-01 6.212e-11 7.623e-03 2.200e-11 3.189e-11 8.315e-11 7.283e-12 8.078e-12
85 TP 9 3.718e-01 3.349e-02 1.662e-03 3.180e-03 2.090e-01 1.416e-02 4.377e-02 2.475e-04 7.033e-03 1.404e-04 8.415e-02 2.193e-01 1.972e-04 1.980e-03 9.849e-03
85 TP 10 1.742e-04 8.108e-11 1.830e-08 6.147e-04 3.917e-07 9.302e-11 1.932e-07 4.741e-01 1.124e-08 5.243e-01 7.758e-04 1.243e-05 1.159e-10 1.878e-05 1.162e-10
85 TP 11 5.336e-01 1.990e-03 3.063e-04 2.368e-03 3.667e-02 3.530e-06 3.842e-02 1.273e-05 2.025e-02 2.529e-02 1.196e-01 5.980e-02 7.424e-04 1.599e-01 1.005e-03
85 TP 12 2.333e-01 1.556e-08 1.564e-04 5.545e-02 5.666e-01 8.126e-09 2.276e-02 9.552e-04 6.425e-02 1.074e-04 1.131e-03 1.135e-04 5.489e-02 2.643e-04 8.498e-09
85 TP 13 1.098e-02 2.594e-03 4.265e-04 1.253e-02 5.451e-01 9.553e-08 3.325e-01 2.906e-05 5.909e-03 5.210e-08 4.847e-06 3.939e-03 8.588e-02 1.130e-04 5.555e-07
85 TP 14 1.124e-08 6.316e-09 3.195e-04 1.831e-07 6.888e-01 4.351e-09 2.060e-03 2.962e-06 1.607e-02 1.395e-02 1.725e-01 1.089e-02 1.900e-02 7.631e-02 8.539e-05
85 TP 15 1.257e-03 2.258e-04 2.518e-05 2.542e-02 3.879e-03 1.922e-02 1.005e-02 4.931e-04 2.173e-04 1.783e-06 8.529e-03 5.089e-01 4.163e-05 3.791e-01 4.259e-02
86 IP 1 3.043e-09
86 IP 2 7.374e-02
86 IP 3 7.800e-09
86 IP 4 4.515e-09
86 IP 5 4.250e-09
86 IP 6 3.549e-09
86 IP 7 4.918e-09
86 IP 8 5.312e-09
86 IP 9 3.037e-07
86 IP 10 3.021e-09
86 IP 11 8.442e-09
86 IP 12 3.126e-09
86 IP 13 3.080e-09
86 IP 14 3.655e-09
86 IP 15 5.587e-09
86 IP 16 1.322e-08
86 IP 17 3.692e-09
86 IP 18 6.854e-09
86 IP 19 3.989e-09
86 IP 20 3.301e-09
86 IP 21 3.043e-09
86 IP 22 9.263e-01
86 IP 23 4.158e-09
86 IP 24 6.271e-09
86 IP 25 4.930e-09
86 EP 1 7.314e-02 5.616e-02 8.707e-01 1.355e-08
86 EP 2 9.997e-01 4.007e-05 1.358e-07 2.990e-04
86 EP 3 9.982e-01 1.569e-03 6.909e-10 2.746e-04
86 EP 4 8.748e-01 1.473e-03 8.888e-10 1.238e-01
86 EP 5 9.647e-01 1.981e-03 5.616e-10 3.328e-02
86 EP 6 1.691e-01 3.692e-10 8.309e-01 4.558e-10
86 EP 7 9.806e-01 1.706e-02 4.053e-09 2.391e-03
86 EP 8 9.861e-01 1.352e-02 2.809e-07 3.376e-04
86 EP 9 8.431e-01 1.336e-02 2.680e-10 1.435e-01
86 EP 10 1.507e-05 9.999e-01 2.045e-06 7.128e-05
86 EP 11 9.954e-01 3.119e-06 9.636e-04 3.615e-03
86 EP 12 1.446e-01 1.462e-02 1.798e-09 8.408e-01
86 EP 13 3.246e-01 6.229e-03 6.692e-01 1.544e-08
86 EP 14 5.737e-01 1.649e-02 1.830e-08 4.098e-01
86 EP 15 9.450e-01 4.472e-02 5.233e-09 1.025e-02
86 EP 16 9.747e-01 2.495e-02 3.817e-04 1.307e-08
86 EP 17 6.126e-01 3.508e-02 1.265e-08 3.523e-01
86 EP 18 9.980e-01 4.165e-04 3.587e-09 1.611e-03
86 EP 19 9.989e-01 4.215e-04 7.264e-04 1.396e-09
86 EP 20 5.215e-01 1.945e-03 6.259e-10 4.766e-01
86 EP 21 3.560e-02 1.416e-01 6.601e-07 8.228e-01
86 EP 22 8.962e-01 7.472e-03 9.621e-02 9.639e-05
86 EP 23 9.268e-01 2.790e-02 4.601e-09 4.532e-02
86 EP 24 9.942e-01 1.397e-04 3.440e-09 5.649e-03
86 EP 25 9.829e-01 1.854e-03 2.830e-08 1.523e-02
86 TP 1 6.189e-02 3.629e-01 1.923e-01 1.005e-05 3.960e-03 2.877e-09 4.873e-03 5.469e-03 7.014e-08 6.548e-07 3.405e-04 1.528e-08 7.773e-09 7.390e-07 2.211e-03 7.821e-02 4.691e-06 6.519e-02 1.842e-01 5.110e-03 7.162e-03 7.856e-03 2.966e-05 1.490e-02 3.422e-03
86 TP 2 6.158e-03 9.353e-02 1.960e-01 5.027e-02 1.816e-01 2.963e-09 3.106e-02 4.734e-03 5.096e-04 1.543e-03 6.668e-04 6.588e-02 4.075e-04 3.420e-03 2.619e-02 2.507e-02 5.289e-03 8.698e-02 5.420e-02 2.618e-02 2.066e-02 7.432e-07 1.173e-02 1.048e-01 3.096e-03
86 TP 3 9.873e-03 4.511e-02 1.583e-01 6.655e-02 2.457e-01 2.628e-09 3.463e-02 1.416e-02 2.423e-07 1.957e-05 8.389e-04 3.015e-02 7.968e-05 2.603e-03 2.604e-02 8.395e-04 1.785e-03 6.438e-02 4.777e-02 1.705e-02 2.117e-03 1.702e-08 1.600e-02 2.113e-01 4.734e-03
86 TP 4 2.235e-02 5.536e-02 1.297e-01 1.372e-01 2.573e-01 3.934e-09 3.411e-02 1.995e-02 1.399e-08 3.115e-04 1.546e-04 9.868e-02 2.931e-03 2.987e-04 1.441e-02 3.067e-04 9.360e-03 5.950e-02 2.308e-02 1.532e-02 4.189e-03 1.347e-08 3.114e-02 8.361e-02 6.926e-04
86 TP 5 8.044e-03 2.634e-02 6.418e-02 1.680e-01 2.849e-01 2.854e-09 1.206e-02 8.045e-03 1.214e-07 4.702e-04 2.883e-04 1.624e-01 1.965e-04 1.132e-02 1.586e-02 3.959e-05 3.427e-03 2.394e-04 3.595e-02 6.510e-02 4.710e-02 5.219e-09 6.438e-02 1.658e-02 5.046e-03
86 TP 6 7.363e-08 2.531e-05 3.055e-05 3.758e-09 6.090e-06 4.870e-01 3.402e-05 4.139e-08 3.368e-09 9.730e-05 1.335e-07 1.260e-10 1.234e-09 3.099e-10 4.375e-06 2.081e-09 3.626e-10 9.424e-05 6.087e-10 2.571e-10 1.230e-10 5.127e-01 1.792e-08 1.564e-05 2.383e-06
86 TP 7 4.602e-03 3.384e-02 1.450e-01 5.459e-02 2.550e-01 2.255e-08 4.147e-02 1.281e-02 1.060e-07 3.044e-04 3.980e-04 1.278e-01 2.579e-05 6.150e-03 2.669e-02 4.396e-04 8.013e-03 1.269e-02 1.702e-02 2.903e-02 5.428e-02 4.749e-08 4.471e-02 1.198e-01 5.301e-03
86 TP 8 4.740e-02 4.514e-02 1.613e-01 7.199e-02 1.094e-01 2.052e-08 2.193e-02 1.572e-02 2.660e-06 1.889e-02 3.203e-04 1.237e-02 2.870e-04 6.925e-03 2.125e-02 2.387e-03 4.205e-03 4.336e-02 9.479e-02 3.256e-02 1.500e-02 5.875e-08 4.225e-02 2.300e-01 2.622e-03
86 TP 9 6.047e-05 1.310e-08 2.355e-08 2.452e-09 5.328e-10 1.284e-02 1.236e-10 5.164e-08 7.950e-01 1.223e-10 3.922e-10 1.423e-10 2.013e-05 1.210e-10 1.764e-09 3.233e-07 1.339e-10 1.144e-09 7.280e-05 7.960e-10 9.094e-11 1.920e-01 1.432e-09 4.956e-09 1.422e-10
86 TP 10 9.092e-08 2.013e-01 3.526e-01 8.914e-04 1.340e-03 2.357e-08 1.408e-02 3.172e-03 2.369e-02 2.339e-08 2.839e-01 6.228e-08 1.434e-08 1.241e-07 4.064e-02 4.272e-03 5.416e-07 2.800e-02 1.259e-04 1.770e-05 5.503e-08 2.643e-07 3.277e-03 4.243e-02 2.610e-04
86 TP 11 6.813e-05 7.145e-02 4.103e-01 2.102e-02 2.717e-02 3.232e-02 2.842e-02 1.416e-02 2.378e-05 6.521e-02 8.474e-03 1.843e-03 4.307e-05 1.153e-03 2.943e-02 1.113e-03 5.221e-04 1.262e-01 2.597e-03 2.885e-03 8.804e-04 4.840e-07 2.051e-02 1.285e-01 5.669e-03
86 TP 12 9.083e-03 6.985e-02 4.380e-01 1.174e-01 4.158e-02 2.151e-09 1.680e-02 3.101e-03 1.591e-08 1.857e-06 9.918e-04 2.127e-02 1.357e-03 2.712e-03 3.124e-02 1.136e-04 9.013e-03 3.170e-02 1.725e-02 1.443e-01 1.841e-06 1.562e-06 6.099e-03 3.609e-02 1.982e-03
86 TP 13 3.084e-08 1.079e-01 2.027e-03 1.067e-07 1.124e-04 1.398e-08 2.544e-04 3.578e-04 4.111e-08 8.495e-09 2.784e-05 1.700e-08 6.266e-01 1.551e-06 8.739e-06 2.363e-01 1.807e-07 7.453e-04 1.168e-03 2.415e-02 1.084e-08 3.473e-08 1.750e-06 3.936e-05 2.177e-04
86 TP 14 2.119e-03 3.820e-02 2.322e-01 1.152e-01 9.885e-02 4.465e-08 1.785e-02 4.100e-03 2.005e-07 2.556e-04 1.487e-03 9.490e-02 3.217e-03 1.054e-02 3.236e-02 4.260e-05 3.627e-03 7.484e-02 1.841e-02 1.118e-01 1.880e-03 3.658e-07 6.660e-03 1.289e-01 2.524e-03
86 TP 15 6.060e-03 4.644e-02 2.231e-01 6.178e-02 1.701e-01 1.137e-08 3.216e-02 8.367e-03 2.021e-07 1.413e-04 2.337e-04 8.084e-02 4.308e-06 4.705e-03 2.136e-02 8.349e-04 5.439e-03 2.297e-02 4.143e-02 5.953e-03 1.892e-02 4.964e-08 4.065e-02 2.040e-01 4.485e-03
86 TP 16 2.223e-02 3.968e-02 1.562e-02 2.079e-04 4.189e-04 3.000e-09 4.024e-04 1.234e-03 4.606e-02 1.151e-03 2.564e-04 7.058e-05 9.896e-03 2.041e-05 1.022e-04 7.774e-01 3.442e-05 2.180e-03 7.550e-02 2.019e-04 4.217e-07 2.047e-06 2.852e-04 6.875e-03 1.470e-04
86 TP 17 5.297e-03 5.587e-02 2.036e-01 1.283e-01 8.600e-02 4.179e-08 2.243e-02 3.064e-03 1.829e-07 3.416e-06 1.840e-03 8.376e-02 8.742e-04 8.984e-03 3.201e-02 1.304e-04 9.558e-03 2.084e-02 2.540e-02 1.365e-01 1.701e-04 3.636e-07 1.237e-03 1.663e-01 7.787e-03
86 TP 18 2.102e-03 7.463e-02 5.519e-02 1.685e-01 2.567e-01 6.965e-09 8.846e-03 1.020e-02 1.101e-06 2.826e-06 9.746e-04 4.611e-02 9.018e-06 5.924e-03 2.985e-02 1.011e-03 7.618e-03 3.357e-02 1.550e-02 4.272e-02 1.405e-02 5.218e-08 5.028e-03 2.188e-01 2.643e-03
86 TP 19 2.029e-01 5.850e-02 2.214e-01 2.770e-02 5.152e-02 2.542e-09 6.208e-03 2.937e-02 3.910e-06 1.335e-03 8.531e-05 9.135e-03 1.283e-04 7.877e-04 3.008e-02 2.058e-02 3.349e-04 5.664e-03 3.058e-01 1.561e-02 7.176e-05 1.807e-08 2.692e-03 5.108e-03 4.989e-03
86 TP 20 3.175e-02 2.794e-02 5.454e-02 1.391e-01 9.831e-02 5.401e-09 2.189e-04 8.375e-04 1.572e-08 1.912e-09 4.096e-04 2.086e-01 2.311e-03 7.249e-03 1.567e-02 3.388e-05 6.073e-03 1.564e-02 3.399e-02 3.096e-01 8.114e-06 5.207e-08 1.418e-02 3.046e-02 3.045e-03
86 TP 21 6.012e-09 1.875e-01 2.003e-01 1.076e-01 1.932e-01 6.202e-09 6.226e-02 6.875e-04 1.027e-07 1.386e-08 3.707e-03 2.192e-04 4.963e-09 5.504e-03 2.999e-02 2.064e-05 2.039e-03 8.653e-02 3.875e-04 2.164e-02 1.051e-07 1.762e-06 1.483e-02 8.312e-02 3.015e-04
86 TP 22 3.872e-10 3.458e-10 3.275e-10 1.475e-10 4.759e-10 5.858e-03 4.319e-10 2.408e-10 1.549e-01 6.768e-06 6.287e-11 5.328e-11 1.727e-11 6.777e-11 3.390e-10 7.121e-11 8.020e-11 3.090e-10 2.332e-10 2.019e-10 4.684e-11 8.393e-01 2.402e-10 3.615e-10 1.739e-10
86 TP 23 7.365e-03 5.740e-02 8.690e-02 3.058e-02 2.295e-01 9.782e-09 8.558e-03 3.033e-02 6.606e-08 4.247e-02 9.529e-05 1.751e-01 3.060e-04 4.800e-03 2.106e-02 8.543e-05 1.234e-02 5.333e-02 5.881e-02 2.643e-02 2.998e-02 2.895e-08 5.182e-02 7.154e-02 1.190e-03
86 TP 24 5.524e-03 3.690e-02 1.201e-01 1.419e-01 1.654e-01 1.394e-08 3.281e-02 3.049e-02 1.318e-06 1.014e-03 1.037e-03 4.484e-02 5.195e-04 2.230e-03 2.994e-02 3.253e-04 4.215e-03 2.124e-03 9.114e-02 1.287e-02 1.756e-02 9.987e-09 5.953e-02 1.942e-01 5.383e-03
86 TP 25 1.563e-02 2.841e-02 1.524e-01 1.032e-01 3.060e-01 7.284e-08 1.672e-02 4.657e-03 1.242e-06 3.097e-04 7.786e-04 1.486e-01 2.101e-04 7.274e-03 2.056e-02 1.372e-03 7.529e-04 6.457e-02 1.034e-02 2.950e-02 2.019e-03 2.003e-07 5.766e-02 2.741e-02 1.729e-03
87 IP 1 1.000e+00
87 IP 2 2.989e-09
87 IP 3 5.915e-09
87 IP 4 2.690e-09
87 IP 5 7.107e-08
87 IP 6 3.109e-09
87 IP 7 7.027e-08
87 IP 8 4.602e-09
87 EP 1 9.998e-01 1.330e-04 2.552e-05 1.449e-09
87 EP 2 1.520e-01 3.218e-10 8.480e-01 2.672e-10
87 EP 3 7.989e-01 1.263e-02 3.060e-09 1.885e-01
87 EP 4 3.452e-03 1.947e-01 8.018e-01 1.490e-07
87 EP 5 8.714e-01 1.081e-02 1.514e-10 1.178e-01
87 EP 6 2.169e-01 7.231e-04 7.824e-01 8.952e-08
87 EP 7 8.885e-01 6.437e-03 1.051e-01 1.129e-10
87 EP 8 9.267e-01 1.979e-03 7.127e-02 6.128e-08
87 TP 1 4.494e-01 1.759e-09 1.013e-01 1.925e-03 2.045e-01 5.434e-05 2.311e-01 1.176e-02
87 TP 2 9.536e-10 5.682e-01 8.063e-10 1.433e-09 2.620e-09 2.523e-10 4.318e-01 7.578e-10
87 TP 3 2.107e-02 5.400e-10 9.690e-01 5.291e-03 7.255e-10 4.607e-03 9.357e-10 1.095e-06
87 TP 4 9.883e-01 3.889e-08 4.086e-04 1.116e-02 4.649e-08 6.433e-08 6.486e-08 1.003e-04
87 TP 5 1.122e-05 9.037e-03 7.107e-10 4.540e-05 7.969e-01 6.744e-11 1.940e-01 2.526e-10
