72 IP 1 2.667e-02
72 IP 2 9.733e-01
72 IP 3 9.564e-10
72 IP 4 9.562e-10
72 IP 5 1.825e-08
72 EP 1 9.985e-01 6.327e-04 8.235e-04 1.548e-08
72 EP 2 9.315e-01 4.257e-02 1.713e-09 2.596e-02
72 EP 3 2.801e-02 1.189e-07 9.720e-01 1.188e-07
72 EP 4 1.801e-02 3.807e-08 9.820e-01 3.807e-08
72 EP 5 5.870e-01 6.507e-03 4.065e-01 2.938e-11
72 TP 1 4.978e-01 4.826e-01 1.945e-02 6.237e-05 1.189e-04
72 TP 2 3.052e-08 7.528e-01 3.393e-12 4.174e-11 2.472e-01
72 TP 3 4.505e-01 3.955e-07 3.581e-01 1.913e-01 3.417e-07
72 TP 4 1.379e-02 1.916e-05 1.578e-01 8.277e-01 7.133e-04
72 TP 5 4.039e-12 1.549e-01 2.199e-12 4.792e-06 8.451e-01
73 IP 1 9.443e-10
73 IP 2 9.136e-01
73 IP 3 2.872e-08
73 IP 4 8.517e-10
73 IP 5 8.432e-10
73 IP 6 8.432e-10
73 IP 7 8.448e-10
73 IP 8 8.432e-10
73 IP 9 8.637e-02
73 IP 10 8.432e-10
73 IP 11 8.550e-10
73 EP 1 9.927e-01 1.620e-05 7.314e-03 3.015e-10
73 EP 2 9.987e-01 6.608e-10 1.563e-09 1.270e-03
73 EP 3 5.971e-01 2.176e-02 3.812e-01 5.088e-10
73 EP 4 9.877e-01 1.231e-02 7.265e-09 8.310e-09
73 EP 5 2.937e-06 1.000e+00 1.123e-07 1.818e-08
73 EP 6 3.770e-07 1.698e-01 6.392e-08 8.302e-01
73 EP 7 3.262e-02 2.323e-05 9.674e-01 2.909e-10
73 EP 8 7.685e-06 8.689e-01 2.018e-05 1.311e-01
73 EP 9 9.988e-01 2.144e-07 1.197e-03 4.318e-10
73 EP 10 2.035e-06 4.132e-01 1.430e-02 5.725e-01
73 EP 11 2.378e-01 1.821e-09 7.622e-01 3.633e-10
73 TP 1 2.429e-01 1.706e-09 2.408e-09 1.246e-03 4.436e-03 1.913e-03 6.388e-03 2.162e-04 3.046e-01 6.754e-10 4.383e-01
73 TP 2 1.850e-10 6.909e-01 2.407e-01 4.686e-05 4.337e-11 1.374e-11 4.462e-04 7.162e-10 2.276e-10 6.788e-02 2.317e-10
73 TP 3 1.298e-10 1.559e-01 8.440e-01 3.540e-05 9.098e-11 7.149e-12 8.484e-10 2.545e-05 7.212e-10 1.574e-08 1.192e-10
73 TP 4 4.131e-03 6.299e-08 1.083e-07 5.055e-01 2.146e-01 2.416e-01 4.026e-03 2.352e-02 6.588e-03 1.768e-08 8.607e-06
73 TP 5 4.935e-01 1.396e-02 9.750e-08 1.100e-03 2.842e-03 4.193e-08 1.661e-08 6.713e-03 3.295e-01 1.962e-08 1.524e-01
73 TP 6 3.398e-01 5.249e-08 9.198e-07 1.319e-02 8.992e-04 2.363e-02 5.096e-02 8.700e-04 4.725e-01 2.668e-08 9.814e-02
73 TP 7 4.656e-02 8.849e-03 1.722e-08 2.977e-04 3.758e-10 1.455e-05 8.209e-01 9.172e-09 2.534e-02 1.583e-04 9.790e-02
73 TP 8 1.046e-02 3.672e-07 3.210e-07 5.335e-02 6.133e-02 4.658e-08 4.779e-08 2.527e-07 8.749e-01 6.452e-08 5.323e-08
73 TP 9 4.326e-01 3.588e-03 1.010e-01 1.024e-02 3.405e-03 2.144e-09 1.994e-02 1.522e-03 3.741e-01 2.200e-09 5.365e-02
73 TP 10 4.236e-10 8.635e-01 4.768e-02 6.249e-11 5.455e-11 4.422e-11 2.247e-10 4.362e-11 3.094e-10 8.881e-02 1.180e-10
73 TP 11 4.265e-01 2.775e-09 3.418e-09 1.834e-04 2.604e-03 8.740e-05 1.323e-01 1.359e-04 1.345e-01 9.576e-10 3.038e-01
74 IP 1 1.640e-06
74 IP 2 8.210e-10
74 IP 3 8.210e-10
74 IP 4 1.000e+00
74 IP 5 2.392e-09
74 IP 6 8.210e-10
74 IP 7 8.386e-10
74 IP 8 8.293e-10
74 IP 9 8.684e-10
74 EP 1 1.000e+00 1.173e-06 6.308e-09 1.943e-06
74 EP 2 1.038e-07 3.069e-02 1.155e-08 9.693e-01
74 EP 3 9.950e-07 7.903e-07 7.120e-07 1.000e+00
74 EP 4 9.777e-01 1.651e-02 5.809e-03 1.134e-08
74 EP 5 7.194e-01 1.647e-02 2.642e-01 1.651e-10
74 EP 6 9.827e-08 3.235e-01 1.062e-07 6.765e-01
74 EP 7 5.144e-02 9.358e-11 9.486e-01 4.560e-11
74 EP 8 5.696e-01 4.303e-01 3.000e-07 1.003e-04
74 EP 9 9.713e-01 4.002e-03 1.017e-02 1.451e-02
74 TP 1 5.770e-01 3.535e-01 4.105e-03 3.684e-07 4.824e-08 4.000e-07 5.977e-09 1.423e-02 5.123e-02
74 TP 2 5.995e-01 3.553e-01 1.710e-08 4.089e-07 3.512e-02 2.769e-07 8.994e-09 1.778e-03 8.323e-03
74 TP 3 6.782e-01 1.168e-06 3.217e-01 9.400e-05 4.220e-06 2.240e-05 7.042e-07 8.720e-07 1.080e-06
74 TP 4 2.926e-11 4.722e-11 1.068e-10 6.200e-01 2.342e-01 1.339e-01 1.187e-02 2.532e-06 1.197e-11
74 TP 5 7.958e-12 1.116e-11 1.861e-11 1.621e-01 8.121e-01 2.643e-04 2.552e-02 2.462e-09 3.648e-12
74 TP 6 3.822e-10 1.775e-09 2.432e-09 8.069e-01 5.380e-02 1.372e-01 2.070e-03 3.666e-06 7.547e-05
74 TP 7 2.541e-11 3.118e-11 2.321e-11 1.440e-01 2.210e-01 1.324e-03 6.337e-01 2.483e-11 1.640e-08
74 TP 8 6.474e-01 1.807e-02 2.094e-07 2.569e-03 1.001e-06 1.358e-01 2.285e-07 2.977e-02 1.663e-01
74 TP 9 3.852e-01 9.659e-04 3.536e-08 2.963e-06 4.559e-08 1.125e-05 1.332e-03 2.865e-02 5.838e-01
75 IP 1 8.105e-10
75 IP 2 1.686e-07
75 IP 3 2.722e-04
75 IP 4 1.028e-09
75 IP 5 9.997e-01
75 IP 6 8.106e-10
75 IP 7 9.082e-10
75 IP 8 8.145e-10
75 EP 1 3.511e-04 9.290e-01 7.067e-02 1.238e-07
75 EP 2 8.012e-01 5.413e-02 3.194e-11 1.446e-01
75 EP 3 9.783e-01 1.010e-03 2.067e-02 9.808e-10
75 EP 4 6.168e-01 3.532e-03 3.796e-01 1.561e-09
75 EP 5 7.219e-01 3.237e-02 2.457e-01 1.928e-11
75 EP 6 1.244e-03 7.037e-02 2.802e-07 9.284e-01
75 EP 7 3.614e-01 9.362e-06 6.386e-01 2.085e-09
75 EP 8 3.345e-02 1.498e-10 9.665e-01 1.396e-10
75 TP 1 7.252e-03 6.708e-08 7.613e-01 2.111e-07 9.954e-02 8.802e-05 1.139e-01 1.794e-02
75 TP 2 6.524e-12 8.777e-01 2.015e-11 1.752e-11 1.223e-01 3.834e-12 2.257e-11 1.567e-10
75 TP 3 7.265e-03 1.840e-03 6.221e-01 1.626e-01 1.073e-08 2.410e-03 1.022e-01 1.016e-01
75 TP 4 1.750e-09 4.033e-09 3.592e-01 4.185e-01 1.078e-08 1.013e-04 2.147e-01 7.453e-03
75 TP 5 5.348e-06 1.117e-01 4.484e-11 2.830e-11 8.850e-01 7.524e-12 4.109e-11 3.265e-03
75 TP 6 2.328e-04 2.208e-07 9.729e-01 2.164e-07 1.292e-02 1.740e-04 1.578e-07 1.382e-02
75 TP 7 2.411e-03 6.928e-09 4.155e-01 2.997e-01 2.436e-08 7.241e-05 3.786e-02 2.445e-01
75 TP 8 3.079e-06 8.141e-09 3.514e-02 1.821e-03 1.311e-01 7.108e-05 4.105e-02 7.908e-01
76 IP 1 1.980e-07
76 IP 2 1.000e+00
76 IP 3 8.681e-10
76 IP 4 9.148e-10
76 IP 5 8.972e-10
76 IP 6 1.643e-09
76 IP 7 8.075e-09
76 IP 8 8.771e-10
76 IP 9 8.681e-10
76 IP 10 8.867e-10
76 IP 11 9.737e-10
76 IP 12 8.941e-10
76 IP 13 8.861e-10
76 IP 14 2.443e-09
76 IP 15 8.681e-10
76 IP 16 8.686e-10
76 IP 17 9.750e-10
76 IP 18 1.011e-09
76 IP 19 2.896e-09
76 EP 1 9.801e-01 1.988e-02 2.317e-05 3.274e-10
76 EP 2 1.000e+00 1.240e-09 5.355e-10 8.636e-10
76 EP 3 2.480e-03 9.561e-01 2.146e-08 4.138e-02
76 EP 4 9.993e-01 8.153e-05 1.193e-09 6.406e-04
76 EP 5 9.985e-01 1.236e-03 9.226e-10 2.628e-04
76 EP 6 9.961e-01 3.101e-03 7.812e-04 4.047e-10
76 EP 7 7.739e-01 6.958e-02 1.368e-02 1.428e-01
76 EP 8 4.534e-01 7.543e-03 5.496e-10 5.390e-01
76 EP 9 1.597e-03 9.983e-01 4.198e-07 5.774e-05
76 EP 10 6.705e-01 5.699e-02 2.183e-09 2.725e-01
76 EP 11 9.981e-01 1.408e-03 4.934e-04 5.053e-09
76 EP 12 9.992e-01 7.037e-04 2.141e-07 5.421e-05
76 EP 13 9.934e-01 2.156e-03 2.731e-09 4.430e-03
76 EP 14 9.673e-01 2.990e-02 3.633e-09 2.790e-03
76 EP 15 7.518e-04 2.264e-01 7.728e-01 1.410e-08
76 EP 16 5.265e-02 2.477e-01 7.956e-07 6.996e-01
76 EP 17 2.339e-01 3.405e-04 7.657e-01 6.077e-11
76 EP 18 1.594e-01 1.137e-01 5.742e-01 1.527e-01
76 EP 19 6.720e-01 2.888e-03 3.251e-01 1.725e-10
76 TP 1 3.174e-01 3.473e-11 8.173e-12 8.485e-12 8.484e-12 7.204e-02 1.731e-04 8.470e-12 8.142e-12 8.378e-12 8.630e-12 8.405e-12 8.467e-12 5.273e-01 8.447e-12 8.250e-12 2.616e-02 5.690e-02 1.139e-10
76 TP 2 1.130e-01 7.017e-01 2.673e-10 1.461e-03 3.047e-04 2.019e-09 1.760e-01 1.685e-06 2.665e-10 2.337e-05 7.352e-03 7.612e-06 1.206e-04 4.605e-09 2.908e-10 2.769e-10 5.223e-10 9.590e-10 3.871e-09
76 TP 3 1.989e-08 9.942e-05 1.023e-04 1.468e-01 2.151e-01 1.982e-08 2.131e-07 9.392e-02 2.809e-08 3.059e-01 4.817e-04 1.748e-03 1.884e-01 1.986e-08 1.865e-02 2.879e-02 1.967e-08 1.998e-08 6.650e-08
76 TP 4 1.230e-09 3.106e-05 3.075e-02 1.261e-01 2.526e-01 1.223e-09 2.589e-08 2.833e-01 2.408e-03 6.692e-02 1.259e-03 8.963e-04 1.356e-01 1.230e-09 9.558e-02 4.468e-03 1.202e-09 1.224e-09 2.119e-05
76 TP 5 9.388e-10 3.128e-05 8.491e-03 1.340e-01 2.412e-01 9.355e-10 1.234e-08 3.915e-01 7.481e-05 5.187e-02 1.467e-03 3.464e-04 1.110e-01 9.387e-10 2.422e-03 5.759e-02 9.263e-10 9.359e-10 2.401e-07
76 TP 6 1.909e-01 1.545e-10 3.167e-11 3.293e-11 3.295e-11 2.713e-01 8.231e-05 3.289e-11 3.156e-11 3.252e-11 3.352e-11 3.262e-11 3.286e-11 2.913e-02 3.272e-11 3.198e-11 3.458e-01 1.629e-01 4.107e-10
76 TP 7 8.470e-06 5.599e-11 5.577e-09 8.304e-07 7.877e-11 2.672e-05 9.401e-01 4.410e-11 8.285e-09 4.834e-11 9.714e-11 3.882e-11 1.534e-10 6.270e-05 2.315e-06 4.693e-10 8.334e-10 1.616e-04 5.960e-02
76 TP 8 5.724e-10 4.052e-05 9.472e-10 1.825e-01 1.709e-01 5.644e-10 8.428e-09 5.123e-01 7.503e-09 1.179e-01 1.692e-03 5.632e-04 1.412e-02 5.705e-10 3.053e-08 1.788e-06 4.896e-07 5.679e-10 2.571e-09
76 TP 9 3.557e-07 1.214e-04 9.003e-03 5.992e-01 3.365e-01 3.549e-07 6.285e-06 4.404e-07 2.983e-05 2.788e-02 7.376e-03 8.798e-03 1.110e-02 3.555e-07 3.579e-07 6.639e-07 3.556e-07 3.546e-07 9.605e-07
76 TP 10 1.997e-09 8.988e-05 2.208e-08 3.339e-01 3.224e-01 1.978e-09 2.974e-08 4.047e-03 8.749e-07 2.490e-01 9.775e-03 3.439e-03 7.727e-02 1.991e-09 2.397e-09 1.866e-05 2.019e-09 1.971e-09 1.029e-08
76 TP 11 5.269e-09 6.742e-04 3.796e-07 6.051e-02 2.318e-01 5.459e-09 1.707e-01 5.597e-02 7.891e-09 1.397e-01 2.453e-01 3.354e-04 2.850e-02 5.320e-09 4.517e-02 2.144e-02 5.102e-09 5.079e-09 1.156e-06
76 TP 12 2.193e-07 4.888e-05 4.497e-02 2.661e-01 2.488e-01 2.186e-07 2.420e-06 3.530e-01 7.520e-04 4.590e-02 8.474e-03 1.520e-03 2.671e-02 2.194e-07 1.041e-03 2.631e-03 2.156e-07 2.184e-07 1.635e-06
76 TP 13 2.785e-09 4.106e-05 3.100e-02 1.183e-01 1.312e-01 2.780e-09 2.952e-08 5.347e-01 1.594e-05 5.138e-03 1.843e-03 5.050e-04 9.091e-02 2.786e-09 3.426e-02 5.195e-02 2.760e-09 2.781e-09 6.628e-05
76 TP 14 3.715e-01 3.788e-11 9.108e-12 9.487e-12 9.494e-12 5.610e-02 1.151e-03 9.494e-12 9.076e-12 9.368e-12 9.657e-12 9.395e-12 9.468e-12 2.457e-01 9.428e-12 9.211e-12 1.344e-01 1.912e-01 1.343e-10
76 TP 15 6.489e-09 1.670e-08 8.979e-06 4.919e-05 3.859e-03 6.388e-09 2.911e-08 6.682e-09 3.933e-03 6.371e-08 7.026e-01 1.652e-07 3.764e-05 6.408e-09 7.841e-02 2.468e-04 6.376e-09 6.295e-09 2.109e-01
76 TP 16 1.083e-08 8.173e-05 3.848e-02 2.648e-01 3.018e-01 1.072e-08 1.685e-07 1.592e-04 2.753e-04 1.682e-01 2.475e-02 3.619e-03 1.485e-01 1.079e-08 1.310e-02 3.622e-02 1.622e-08 1.081e-08 3.601e-08
76 TP 17 2.717e-01 5.646e-11 1.403e-11 1.425e-11 1.419e-11 8.135e-02 9.682e-09 1.415e-11 1.401e-11 1.412e-11 1.439e-11 1.417e-11 1.420e-11 6.403e-02 1.463e-11 1.405e-11 5.830e-01 2.673e-09 5.263e-10
76 TP 18 5.038e-01 8.434e-11 2.905e-11 2.983e-11 2.975e-11 6.770e-02 2.406e-04 2.946e-11 2.902e-11 2.942e-11 3.015e-11 2.961e-11 2.976e-11 3.806e-01 2.998e-11 2.915e-11 1.828e-02 2.939e-02 3.567e-10
76 TP 19 7.964e-10 2.850e-07 5.208e-11 3.012e-10 4.772e-10 2.434e-10 3.954e-01 3.332e-09 6.902e-11 9.134e-11 1.280e-05 2.243e-10 3.302e-10 3.729e-10 5.266e-04 4.335e-11 3.587e-10 2.356e-10 6.041e-01
77 IP 1 8.985e-10
77 IP 2 6.375e-09
77 IP 3 9.292e-10
77 IP 4 1.000e+00
77 IP 5 9.075e-10
77 IP 6 5.132e-08
77 IP 7 5.099e-09
77 IP 8 4.076e-09
77 IP 9 8.991e-10
77 IP 10 9.514e-10
77 IP 11 1.503e-09
77 IP 12 2.826e-09
77 IP 13 2.592e-09
77 IP 14 2.190e-09
77 IP 15 8.989e-10
77 IP 16 8.985e-10
77 IP 17 2.077e-09
77 EP 1 7.092e-05 2.378e-02 9.762e-01 4.135e-07
77 EP 2 9.833e-01 1.665e-02 1.005e-08 5.215e-10
77 EP 3 1.546e-01 2.585e-03 8.428e-01 1.314e-09
77 EP 4 1.000e+00 7.583e-10 7.299e-10 5.705e-10
77 EP 5 2.595e-02 3.075e-10 9.741e-01 1.829e-10
77 EP 6 9.675e-01 3.246e-02 4.709e-09 4.053e-09
77 EP 7 9.925e-01 3.764e-03 2.516e-10 3.763e-03
77 EP 8 1.000e+00 1.306e-07 6.506e-09 5.138e-09
77 EP 9 9.922e-04 2.280e-01 9.364e-04 7.700e-01
77 EP 10 8.780e-02 6.361e-01 2.793e-03 2.733e-01
77 EP 11 7.420e-01 8.441e-03 7.221e-10 2.496e-01
77 EP 12 7.403e-01 1.811e-02 2.416e-01 1.198e-10
77 EP 13 1.000e+00 3.738e-08 7.535e-09 2.242e-06
77 EP 14 6.710e-01 9.701e-02 2.320e-01 7.564e-07
77 EP 15 4.995e-04 4.078e-01 2.492e-06 5.917e-01
77 EP 16 8.409e-05 2.394e-01 3.595e-08 7.605e-01
77 EP 17 1.000e+00 3.257e-07 4.215e-09 2.075e-08
77 TP 1 2.663e-02 5.164e-08 3.735e-07 2.036e-01 2.660e-08 5.547e-08 7.790e-07 6.451e-01 5.461e-08 3.809e-04 6.996e-06 4.333e-08 1.242e-01 6.537e-08 2.103e-08 7.584e-07 5.990e-06
77 TP 2 6.275e-11 2.020e-01 2.533e-10 9.362e-11 2.540e-02 1.842e-01 1.901e-07 8.882e-11 1.786e-04 7.554e-11 2.687e-10 4.715e-01 1.274e-10 6.417e-06 1.167e-01 7.722e-11 1.660e-10
77 TP 3 4.014e-03 2.067e-09 7.496e-01 9.799e-08 9.303e-10 2.323e-09 1.193e-01 1.455e-02 1.334e-05 1.743e-04 4.194e-03 1.821e-09 6.947e-09 1.081e-01 6.421e-10 2.704e-08 3.547e-09
77 TP 4 3.986e-04 3.330e-07 7.358e-10 3.647e-01 5.279e-10 1.502e-01 2.967e-01 9.022e-02 6.624e-10 1.123e-03 2.655e-02 3.126e-09 6.690e-02 5.715e-09 5.308e-10 8.021e-06 3.090e-03
77 TP 5 6.976e-09 4.196e-08 2.998e-09 1.991e-09 5.802e-01 5.785e-02 2.651e-09 1.150e-08 1.537e-08 1.172e-09 1.124e-08 3.616e-01 1.005e-08 3.007e-04 7.057e-06 4.891e-10 1.785e-08
77 TP 6 1.302e-10 7.276e-01 4.702e-10 1.922e-10 3.153e-09 2.285e-01 5.942e-07 1.835e-10 1.474e-07 1.683e-10 5.091e-10 3.853e-02 2.511e-10 5.214e-04 4.885e-03 1.670e-10 3.202e-10
77 TP 7 1.352e-05 1.432e-08 5.017e-04 6.629e-11 1.150e-07 2.062e-08 6.656e-01 1.533e-10 2.058e-01 1.562e-04 3.810e-10 3.271e-09 1.816e-10 1.279e-01 4.339e-10 5.613e-09 2.735e-10
77 TP 8 2.153e-08 3.365e-09 2.860e-09 4.723e-02 3.709e-09 3.503e-09 2.909e-02 3.112e-01 4.130e-09 1.157e-08 2.396e-03 5.204e-09 1.307e-01 2.060e-08 2.054e-09 2.816e-02 4.512e-01
77 TP 9 6.531e-08 6.924e-10 7.096e-10 7.299e-10 3.578e-11 1.683e-08 8.110e-01 9.454e-09 1.757e-01 8.757e-10 2.663e-09 4.334e-10 1.549e-09 1.330e-02 1.779e-05 5.904e-08 2.702e-09
77 TP 10 3.758e-03 1.188e-08 3.363e-04 1.446e-02 1.019e-08 1.118e-08 6.168e-08 4.232e-03 1.600e-08 6.511e-02 1.046e-01 1.285e-08 2.851e-01 2.200e-08 1.705e-08 2.234e-02 5.001e-01
77 TP 11 4.917e-09 1.902e-10 3.768e-05 2.650e-02 2.865e-10 1.571e-10 1.090e-09 2.148e-04 8.421e-10 1.598e-03 8.296e-01 2.923e-10 9.489e-03 8.443e-10 2.022e-10 2.800e-02 1.046e-01
77 TP 12 1.863e-10 1.775e-01 1.102e-10 5.677e-11 2.758e-02 6.059e-02 5.549e-07 8.584e-11 1.120e-07 5.418e-11 2.153e-10 7.329e-01 1.040e-10 3.844e-09 1.457e-03 4.066e-11 1.549e-10
77 TP 13 4.143e-02 3.102e-09 3.964e-03 2.014e-01 2.205e-09 3.210e-09 2.109e-08 3.750e-05 6.924e-09 4.852e-02 5.205e-01 3.284e-09 1.824e-01 1.644e-08 2.215e-09 1.056e-03 6.733e-04
77 TP 14 5.785e-11 1.276e-05 4.304e-03 2.212e-10 2.671e-05 2.785e-04 4.782e-01 4.125e-10 1.439e-04 5.168e-10 7.335e-10 5.583e-10 4.198e-10 5.171e-01 1.995e-10 2.433e-09 5.866e-10
77 TP 15 5.534e-10 4.334e-01 2.826e-10 8.772e-10 3.949e-03 3.941e-01 8.247e-04 6.569e-10 1.396e-03 9.937e-07 2.711e-09 1.191e-01 6.803e-10 2.016e-03 4.527e-02 8.006e-08 6.900e-10
77 TP 16 1.748e-08 8.266e-09 4.591e-07 1.126e-03 7.741e-09 4.534e-09 2.199e-08 8.552e-01 1.130e-08 2.411e-08 4.728e-08 1.240e-08 4.915e-05 1.216e-08 1.106e-08 1.188e-02 1.317e-01
77 TP 17 1.943e-08 1.176e-09 2.451e-09 2.492e-02 1.705e-09 1.156e-09 1.283e-08 7.586e-05 4.658e-09 3.750e-02 7.650e-01 1.663e-09 1.657e-01 7.634e-09 1.007e-09 9.911e-04 5.826e-03
78 IP 1 1.130e-09
78 IP 2 2.781e-03
78 IP 3 1.121e-09
78 IP 4 1.122e-09
78 IP 5 1.121e-09
78 IP 6 1.717e-09
78 IP 7 9.972e-01
78 IP 8 1.121e-09
78 EP 1 9.717e-01 1.023e-02 2.053e-04 1.782e-02
78 EP 2 1.000e+00 6.239e-07 4.741e-09 5.332e-09
78 EP 3 1.760e-04 9.955e-01 4.595e-08 4.296e-03
78 EP 4 6.727e-01 7.011e-03 3.203e-01 6.428e-07
78 EP 5 8.214e-05 1.154e-02 3.054e-09 9.884e-01
78 EP 6 3.114e-01 1.854e-10 6.886e-01 1.210e-10
78 EP 7 8.080e-01 4.858e-02 5.073e-02 9.264e-02
78 EP 8 2.275e-02 4.447e-01 5.325e-01 1.866e-07
78 TP 1 5.016e-01 6.507e-02 2.381e-02 2.597e-03 3.874e-01 1.114e-08 2.489e-05 1.942e-02
78 TP 2 4.040e-01 2.691e-01 7.807e-03 4.786e-09 2.211e-01 1.662e-08 9.803e-02 1.531e-05
78 TP 3 4.778e-01 3.368e-01 2.722e-02 4.370e-04 8.812e-05 4.666e-08 1.576e-01 1.047e-07
78 TP 4 3.042e-01 3.240e-01 4.331e-03 3.002e-01 2.046e-05 6.715e-02 1.540e-06 1.287e-04
78 TP 5 3.025e-01 3.084e-01 2.922e-03 1.490e-04 3.860e-01 6.936e-06 4.440e-05 3.075e-09
78 TP 6 1.402e-10 1.806e-04 2.191e-11 2.264e-11 7.958e-11 5.592e-01 4.407e-01 2.344e-11
78 TP 7 4.127e-11 2.253e-11 1.189e-05 5.225e-12 5.696e-11 2.607e-02 9.739e-01 1.074e-06
78 TP 8 2.441e-01 7.379e-01 5.570e-03 4.913e-05 1.131e-07 1.254e-07 2.734e-07 1.245e-02
79 IP 1 3.226e-09
79 IP 2 2.127e-02
79 IP 3 1.449e-09
79 IP 4 1.497e-09
79 IP 5 3.304e-01
79 IP 6 1.917e-09
79 IP 7 2.305e-09
79 IP 8 6.483e-01
79 IP 9 1.435e-09
79 IP 10 1.435e-09
79 IP 11 4.520e-09
79 IP 12 1.435e-09
79 IP 13 1.435e-09
79 IP 14 1.440e-09
79 EP 1 3.331e-01 9.267e-03 6.576e-01 2.982e-10
79 EP 2 1.000e+00 2.914e-09 2.151e-09 3.938e-06
79 EP 3 2.734e-01 3.609e-01 2.070e-08 3.657e-01
79 EP 4 3.883e-01 1.672e-02 7.267e-10 5.950e-01
79 EP 5 9.847e-01 1.531e-02 8.150e-10 9.090e-10
79 EP 6 9.486e-01 5.136e-02 1.088e-08 7.412e-05
79 EP 7 9.998e-01 1.969e-05 8.939e-10 2.116e-04
79 EP 8 9.226e-01 3.756e-02 9.534e-11 3.987e-02
79 EP 9 1.111e-05 3.858e-01 1.253e-08 6.142e-01
79 EP 10 4.749e-06 1.526e-01 1.942e-01 6.532e-01
79 EP 11 7.434e-01 2.184e-02 2.348e-01 1.886e-10
79 EP 12 2.020e-05 1.005e-01 8.995e-01 3.743e-08
79 EP 13 3.370e-05 1.000e+00 1.649e-08 9.939e-06
79 EP 14 8.924e-03 3.524e-10 9.911e-01 2.539e-10
79 TP 1 5.055e-01 1.508e-03 1.077e-10 1.198e-10 2.920e-10 2.807e-04 6.500e-10 4.923e-01 9.878e-11 4.312e-10 2.989e-10 4.073e-04 1.794e-10 1.765e-10
79 TP 2 4.934e-02 2.253e-01 7.711e-02 4.691e-01 1.900e-09 1.253e-02 1.189e-01 1.580e-02 1.873e-09 2.212e-08 1.883e-09 3.047e-02 1.527e-03 1.849e-09
79 TP 3 7.735e-04 2.649e-01 6.174e-02 2.165e-01 1.450e-08 8.282e-03 3.594e-01 2.192e-07 1.468e-08 2.428e-06 1.442e-08 2.311e-02 6.530e-02 1.423e-08
79 TP 4 2.378e-03 5.260e-02 2.121e-09 5.149e-01 7.372e-10 4.491e-03 4.176e-01 1.133e-08 7.474e-10 8.755e-09 7.309e-10 7.536e-10 7.967e-03 7.172e-10
79 TP 5 8.134e-11 9.792e-12 9.652e-12 9.843e-12 6.471e-01 9.591e-12 9.712e-12 4.241e-10 7.486e-02 4.903e-10 2.662e-01 9.833e-12 1.068e-11 1.183e-02
79 TP 6 2.653e-07 4.455e-01 1.842e-01 6.940e-04 1.069e-08 9.293e-02 2.766e-01 3.763e-07 1.069e-08 1.493e-07 1.062e-08 6.497e-08 2.558e-05 1.045e-08
79 TP 7 6.349e-09 1.981e-01 4.944e-03 3.560e-01 9.081e-10 4.790e-02 3.608e-01 1.848e-08 9.016e-10 9.614e-09 9.018e-10 3.819e-03 2.845e-02 8.870e-10
79 TP 8 1.675e-02 1.882e-11 2.107e-11 2.417e-11 2.747e-11 1.365e-11 1.688e-11 8.360e-01 3.558e-05 1.471e-01 2.189e-11 1.987e-06 7.884e-05 1.011e-11
79 TP 9 4.767e-10 1.207e-10 1.174e-10 1.256e-10 8.296e-01 1.181e-10 1.207e-10 3.811e-04 5.226e-02 3.855e-03 1.127e-01 1.173e-10 1.230e-10 1.195e-03
79 TP 10 7.939e-10 1.083e-10 5.748e-11 8.368e-11 5.282e-10 9.247e-11 1.117e-10 9.974e-01 1.683e-10 2.521e-03 1.476e-10 1.725e-11 5.049e-05 2.767e-11
79 TP 11 5.314e-11 7.686e-12 7.511e-12 7.586e-12 2.183e-01 7.571e-12 7.652e-12 1.959e-10 1.357e-03 6.653e-11 7.621e-01 7.637e-12 8.158e-12 1.824e-02
79 TP 12 2.609e-01 4.988e-01 2.999e-08 2.428e-03 3.004e-08 1.029e-01 4.921e-02 5.109e-04 2.934e-08 3.320e-08 3.003e-08 5.059e-02 3.468e-02 2.966e-08
79 TP 13 1.006e-07 3.806e-02 8.779e-08 1.481e-08 1.061e-08 1.103e-01 2.685e-01 5.829e-01 1.096e-08 6.530e-08 1.032e-08 1.695e-08 2.154e-04 9.838e-09
79 TP 14 3.700e-10 1.045e-10 1.031e-10 1.030e-10 9.480e-02 1.039e-10 1.043e-10 8.474e-10 2.945e-09 3.206e-10 2.937e-01 1.046e-10 1.097e-10 6.115e-01
80 IP 1 1.576e-09
80 IP 2 1.575e-09
80 IP 3 1.575e-09
80 IP 4 1.586e-09
80 IP 5 4.373e-04
80 IP 6 2.123e-09
80 IP 7 9.996e-01
80 EP 1 5.171e-01 1.320e-01 3.473e-01 3.715e-03
80 EP 2 2.087e-03 2.112e-03 1.057e-08 9.958e-01
80 EP 3 1.197e-05 9.995e-01 1.305e-07 5.284e-04
80 EP 4 9.463e-01 1.617e-02 7.880e-09 3.751e-02
80 EP 5 1.000e+00 2.132e-08 1.183e-08 1.246e-08
80 EP 6 2.607e-01 1.946e-10 7.393e-01 1.279e-10
80 EP 7 8.248e-01 4.320e-02 4.826e-02 8.377e-02
80 TP 1 3.676e-02 7.862e-08 1.583e-02 3.515e-02 7.575e-01 1.101e-07 1.548e-01
80 TP 2 2.318e-08 3.465e-01 5.712e-03 2.670e-01 3.807e-01 4.149e-08 1.733e-06
80 TP 3 1.284e-07 1.695e-07 1.984e-02 1.774e-01 3.414e-01 1.336e-07 4.614e-01
80 TP 4 3.334e-02 3.727e-01 2.755e-02 5.410e-01 2.116e-02 4.257e-03 4.227e-08
80 TP 5 3.895e-02 1.735e-01 3.073e-02 3.716e-01 3.849e-01 5.747e-08 3.769e-04
80 TP 6 3.020e-11 2.652e-11 2.423e-11 4.708e-11 9.416e-06 5.614e-01 4.386e-01
80 TP 7 5.074e-06 9.333e-12 9.331e-07 1.058e-11 9.604e-12 2.015e-02 9.798e-01
81 IP 1 9.998e-01
81 IP 2 2.152e-09
81 IP 3 2.051e-04
81 IP 4 2.151e-09
81 IP 5 2.988e-09
81 EP 1 8.326e-01 4.164e-02 3.944e-02 8.632e-02
81 EP 2 5.173e-01 1.556e-02 6.843e-09 4.672e-01
81 EP 3 9.983e-01 1.676e-03 1.562e-05 2.416e-08
81 EP 4 3.151e-04 5.866e-01 4.130e-01 2.732e-05
81 EP 5 2.959e-01 2.919e-10 7.041e-01 1.360e-10
81 TP 1 9.803e-01 5.630e-11 8.391e-07 1.755e-06 1.973e-02
81 TP 2 1.504e-07 6.662e-01 3.333e-01 4.028e-04 9.648e-09
81 TP 3 9.165e-03 5.880e-01 3.709e-01 1.310e-02 1.882e-02
81 TP 4 1.172e-04 3.581e-07 9.726e-01 2.725e-02 6.132e-07
81 TP 5 4.517e-01 3.021e-11 8.547e-06 2.488e-11 5.483e-01
82 IP 1 1.893e-02
82 IP 2 2.765e-09
82 IP 3 2.569e-09
82 IP 4 2.243e-09
82 IP 5 9.811e-01
82 IP 6 4.156e-09
82 IP 7 2.242e-09
82 IP 8 3.052e-09
82 IP 9 2.272e-09
82 IP 10 2.329e-09
82 IP 11 3.297e-09
82 IP 12 2.493e-09
82 IP 13 2.250e-09
82 IP 14 2.953e-09
82 IP 15 2.383e-09
82 IP 16 2.283e-09
82 IP 17 2.254e-09
82 IP 18 2.762e-08
82 IP 19 2.478e-09
82 EP 1 9.999e-01 1.051e-04 1.263e-06 1.766e-05
82 EP 2 9.928e-01 1.349e-03 2.906e-10 5.856e-03
82 EP 3 9.658e-01 2.812e-02 4.873e-08 6.059e-03
82 EP 4 3.151e-02 2.878e-01 6.807e-01 4.226e-07
82 EP 5 9.786e-01 2.143e-02 8.629e-10 1.546e-10
82 EP 6 9.535e-01 3.222e-02 5.754e-08 1.423e-02
82 EP 7 2.713e-05 9.886e-01 1.638e-07 1.134e-02
82 EP 8 9.890e-01 5.718e-03 2.406e-09 5.237e-03
82 EP 9 3.182e-01 6.619e-01 4.177e-07 1.990e-02
82 EP 10 4.535e-01 5.521e-03 2.315e-10 5.410e-01
82 EP 11 3.766e-01 2.489e-05 6.234e-01 8.478e-11
82 EP 12 7.358e-01 1.727e-01 2.055e-09 9.154e-02
82 EP 13 3.581e-01 2.076e-02 6.207e-01 4.488e-04
82 EP 14 9.491e-01 2.409e-02 5.504e-09 2.684e-02
82 EP 15 8.300e-01 1.652e-01 4.331e-09 4.727e-03
82 EP 16 9.547e-01 2.532e-08 4.527e-02 1.314e-08
82 EP 17 1.113e-01 3.137e-01 2.134e-06 5.749e-01
82 EP 18 8.488e-01 4.030e-02 3.602e-02 7.485e-02
82 EP 19 8.969e-01 9.839e-02 3.062e-05 4.689e-03
82 TP 1 3.816e-01 1.613e-01 1.085e-01 1.759e-03 2.568e-03 3.445e-03 3.360e-09 4.321e-02 1.006e-03 1.290e-01 5.947e-03 5.008e-02 2.009e-04 2.899e-02 5.388e-04 9.449e-03 4.047e-02 1.030e-05 3.191e-02
82 TP 2 1.095e-02 2.460e-01 2.313e-01 1.599e-02 1.068e-02 1.051e-03 6.049e-09 1.284e-02 5.109e-03 3.399e-01 3.999e-09 4.605e-02 5.567e-08 2.311e-02 4.449e-02 1.024e-03 5.635e-03 1.033e-07 5.916e-03
82 TP 3 1.429e-02 1.426e-01 2.581e-01 9.236e-02 3.212e-06 3.313e-04 2.662e-07 3.166e-02 7.440e-03 2.955e-01 6.857e-03 3.633e-02 2.930e-03 5.790e-03 1.329e-02 2.199e-03 7.948e-02 3.525e-07 1.086e-02
82 TP 4 8.147e-01 1.039e-04 6.255e-03 4.357e-02 4.343e-05 8.132e-05 2.217e-02 7.231e-03 6.705e-04 4.560e-09 2.808e-08 5.149e-06 4.809e-05 6.086e-05 4.006e-03 9.950e-02 1.288e-08 8.944e-08 1.519e-03
82 TP 5 4.213e-09 3.672e-09 3.558e-05 3.300e-05 4.227e-02 7.429e-10 1.220e-10 2.047e-09 1.241e-10 1.059e-07 1.306e-06 3.845e-10 1.620e-10 1.688e-09 8.159e-10 9.825e-08 2.950e-10 9.577e-01 4.003e-10
82 TP 6 4.729e-02 5.434e-01 1.735e-01 4.117e-04 6.449e-06 2.763e-03 1.359e-07 2.977e-02 2.474e-02 6.160e-02 6.150e-07 3.106e-02 3.275e-07 3.855e-02 1.653e-02 1.705e-03 7.406e-03 4.307e-06 2.126e-02
82 TP 7 7.729e-01 3.379e-03 3.580e-02 2.298e-03 3.264e-07 5.121e-03 4.134e-02 2.119e-02 2.237e-07 2.078e-07 7.788e-02 1.995e-05 1.300e-07 1.033e-04 1.653e-07 1.681e-07 1.565e-07 3.572e-07 3.992e-02
82 TP 8 1.629e-02 2.675e-01 1.859e-01 4.400e-03 2.418e-04 2.343e-03 1.178e-07 8.737e-02 1.903e-02 2.626e-01 3.030e-08 7.039e-02 4.539e-06 1.150e-02 2.204e-02 2.265e-03 3.074e-02 4.245e-07 1.732e-02
82 TP 9 3.074e-02 3.689e-01 2.489e-01 6.632e-08 3.137e-07 2.116e-03 3.865e-08 1.645e-01 9.204e-04 6.045e-05 8.216e-06 1.880e-02 1.488e-08 2.667e-02 4.517e-05 7.571e-06 1.688e-02 3.620e-07 1.215e-01
82 TP 10 8.863e-03 3.511e-01 7.482e-02 4.636e-10 2.132e-05 1.801e-03 6.535e-10 4.756e-02 8.230e-04 4.509e-01 1.845e-09 4.468e-02 7.780e-05 1.402e-02 2.692e-03 2.262e-03 3.267e-06 4.189e-08 3.269e-04
82 TP 11 5.955e-10 7.362e-10 4.446e-09 1.535e-10 4.406e-01 3.386e-10 7.165e-10 5.094e-10 1.957e-10 1.091e-10 5.594e-01 2.141e-10 2.207e-05 5.289e-10 4.167e-10 7.601e-10 6.699e-11 1.749e-09 2.020e-10
82 TP 12 3.448e-02 4.871e-01 1.698e-01 2.455e-06 1.107e-07 1.263e-03 4.061e-09 7.472e-02 6.870e-03 4.267e-02 2.119e-08 1.164e-01 1.873e-09 3.937e-02 1.212e-02 2.323e-04 2.429e-03 1.003e-07 1.253e-02
82 TP 13 3.473e-01 5.833e-07 3.860e-02 2.524e-03 3.258e-07 1.306e-07 9.410e-06 7.393e-06 7.716e-08 9.574e-03 1.455e-07 1.951e-07 5.946e-01 7.956e-07 6.838e-08 4.811e-03 2.509e-03 2.492e-07 8.852e-06
82 TP 14 3.290e-02 3.184e-01 2.057e-01 1.446e-03 2.441e-06 2.873e-04 8.633e-08 8.501e-02 2.816e-04 2.750e-01 7.556e-08 4.203e-02 3.958e-07 2.728e-02 5.133e-03 1.962e-03 2.988e-03 8.426e-07 1.521e-03
82 TP 15 6.039e-03 1.383e-01 6.924e-02 9.910e-03 4.175e-07 6.470e-04 1.670e-08 5.091e-02 2.681e-03 6.458e-01 3.737e-07 3.832e-03 5.851e-09 7.138e-03 5.099e-03 9.964e-06 5.664e-02 4.564e-07 3.695e-03
82 TP 16 7.490e-02 4.943e-02 1.709e-01 3.289e-01 2.404e-02 1.503e-03 2.236e-08 1.059e-02 4.129e-05 7.199e-02 2.344e-07 3.184e-02 3.336e-03 1.457e-03 1.708e-05 1.872e-01 4.166e-02 1.894e-04 2.037e-03
82 TP 17 1.022e-01 4.102e-01 1.195e-01 9.278e-03 1.317e-07 7.389e-03 3.566e-08 9.928e-02 3.689e-02 2.335e-03 3.229e-08 1.192e-01 2.800e-04 1.767e-02 1.789e-04 4.094e-03 9.996e-03 1.335e-07 6.151e-02
82 TP 18 1.486e-10 1.592e-10 6.643e-05 9.142e-10 9.760e-04 9.514e-11 4.991e-11 1.441e-10 6.043e-11 1.786e-10 3.363e-02 1.034e-10 2.370e-11 1.414e-10 3.030e-10 4.821e-10 7.631e-11 9.653e-01 1.024e-10
82 TP 19 4.716e-02 7.132e-02 2.244e-01 1.091e-03 4.704e-07 8.182e-03 4.697e-06 5.653e-02 7.338e-03 3.286e-03 3.153e-07 2.185e-01 3.108e-05 4.491e-02 2.928e-03 2.033e-03 2.408e-01 4.282e-07 7.142e-02
83 IP 1 2.316e-09
83 IP 2 2.326e-09
83 IP 3 2.352e-09
83 IP 4 2.340e-09
83 IP 5 9.990e-01
83 IP 6 2.375e-09
83 IP 7 2.319e-09
83 IP 8 2.565e-09
83 IP 9 2.367e-09
83 IP 10 2.315e-09
83 IP 11 2.402e-09
83 IP 12 3.396e-09
83 IP 13 2.346e-09
83 IP 14 2.361e-09
83 IP 15 2.365e-09
83 IP 16 2.320e-09
83 IP 17 2.316e-09
83 IP 18 2.323e-09
83 IP 19 9.790e-04
83 EP 1 1.207e-01 3.017e-02 3.244e-09 8.491e-01
83 EP 2 6.463e-01 1.663e-01 7.765e-09 1.874e-01
83 EP 3 9.265e-01 4.022e-02 1.319e-08 3.328e-02
83 EP 4 5.746e-01 8.630e-07 4.990e-05 4.254e-01
83 EP 5 8.562e-01 3.556e-02 4.088e-02 6.735e-02
83 EP 6 9.999e-01 6.114e-05 1.966e-06 5.223e-05
83 EP 7 4.572e-01 1.531e-02 3.737e-09 5.275e-01
83 EP 8 9.935e-01 6.538e-03 7.338e-09 9.369e-07
83 EP 9 9.917e-01 7.207e-04 1.742e-09 7.578e-03
83 EP 10 7.677e-02 2.139e-01 7.093e-01 5.390e-05
83 EP 11 9.789e-01 1.727e-02 1.345e-08 3.874e-03
83 EP 12 3.718e-01 1.890e-09 6.282e-01 8.339e-11
83 EP 13 9.739e-01 1.601e-02 1.007e-02 3.240e-08
83 EP 14 7.417e-01 5.247e-03 1.274e-07 2.530e-01
83 EP 15 8.995e-01 7.668e-02 1.341e-08 2.383e-02
83 EP 16 2.874e-01 7.126e-01 2.389e-07 1.753e-05
83 EP 17 3.414e-01 2.751e-02 6.311e-01 4.498e-07
83 EP 18 7.672e-01 9.515e-02 2.449e-08 1.376e-01
83 EP 19 9.802e-01 1.735e-02 5.339e-09 2.463e-03
83 TP 1 5.864e-02 7.113e-03 2.148e-02 4.230e-09 4.752e-08 1.408e-02 2.333e-01 3.487e-02 3.547e-01 2.784e-08 1.506e-02 5.821e-09 1.550e-05 1.309e-04 1.291e-03 3.737e-03 1.709e-04 1.713e-07 2.554e-01
83 TP 2 1.369e-01 1.858e-01 8.289e-02 8.658e-07 2.025e-07 5.977e-02 2.278e-02 4.919e-02 3.002e-01 1.586e-04 4.190e-02 2.039e-08 7.934e-04 4.913e-03 2.540e-02 2.664e-04 2.648e-07 1.055e-02 7.854e-02
83 TP 3 1.630e-01 1.162e-02 5.914e-02 1.977e-05 5.785e-06 8.359e-02 1.273e-01 3.195e-02 3.098e-01 3.593e-03 7.561e-02 8.661e-08 4.048e-03 1.645e-03 5.339e-02 1.206e-02 1.061e-05 2.400e-02 3.921e-02
83 TP 4 4.673e-07 3.125e-06 4.539e-06 3.352e-02 6.028e-06 1.828e-02 6.684e-07 1.368e-03 7.053e-05 6.995e-06 1.155e-03 9.223e-07 9.042e-01 6.611e-04 6.300e-04 1.235e-06 3.796e-02 1.483e-03 6.100e-04
83 TP 5 1.761e-11 1.530e-11 2.052e-11 2.158e-11 9.761e-01 4.426e-11 2.069e-11 2.354e-11 2.626e-11 2.149e-06 2.451e-11 2.389e-02 3.655e-07 2.359e-11 2.309e-11 6.514e-06 4.746e-12 1.953e-11 1.830e-11
83 TP 6 3.752e-02 3.544e-02 4.102e-02 3.252e-03 1.636e-02 1.550e-01 1.696e-02 9.389e-02 6.920e-02 3.925e-02 9.232e-02 6.771e-06 1.222e-01 4.482e-02 1.059e-01 3.351e-02 1.130e-03 5.436e-02 3.790e-02
83 TP 7 3.704e-01 5.463e-02 5.382e-03 5.002e-09 6.126e-08 9.672e-03 1.610e-01 7.799e-03 2.633e-01 5.325e-09 8.196e-03 7.699e-09 4.440e-06 7.164e-05 2.821e-04 2.914e-04 4.911e-09 1.943e-05 1.190e-01
83 TP 8 1.389e-01 3.091e-02 4.840e-02 2.203e-05 3.232e-03 1.403e-01 1.955e-02 1.672e-02 2.298e-01 1.161e-02 1.358e-01 2.033e-08 4.820e-03 5.437e-02 8.455e-02 1.455e-02 6.418e-08 1.916e-03 6.456e-02
83 TP 9 2.064e-01 9.144e-02 3.658e-02 8.069e-06 5.388e-06 2.670e-02 2.123e-01 2.763e-02 2.603e-01 9.735e-03 3.336e-02 1.140e-08 4.316e-04 6.372e-03 3.542e-02 7.545e-03 6.204e-05 1.412e-02 3.161e-02
83 TP 10 8.413e-04 1.310e-06 2.723e-07 2.611e-07 1.509e-07 1.584e-01 3.067e-04 7.013e-01 1.764e-03 4.237e-02 1.561e-02 7.450e-08 5.453e-02 1.173e-06 6.840e-04 2.218e-02 1.914e-03 4.761e-08 1.612e-04
83 TP 11 1.412e-02 6.938e-02 3.921e-02 3.042e-04 4.020e-04 1.387e-01 5.202e-02 1.646e-01 1.367e-01 1.412e-02 9.208e-03 1.838e-07 2.050e-02 5.085e-02 1.019e-01 2.270e-02 1.067e-05 8.682e-02 7.840e-02
83 TP 12 2.939e-11 4.991e-11 1.474e-10 3.375e-11 4.186e-01 1.539e-10 4.058e-11 1.900e-10 3.461e-05 3.634e-11 1.081e-10 5.814e-01 4.815e-11 4.547e-11 9.324e-11 3.912e-06 3.230e-11 4.346e-11 1.072e-10
83 TP 13 6.763e-06 2.288e-04 5.884e-06 7.370e-02 5.276e-04 3.566e-01 1.576e-05 1.164e-01 3.011e-03 1.394e-01 7.437e-02 1.038e-01 7.708e-02 1.873e-02 1.363e-02 7.245e-05 1.769e-02 1.412e-04 4.576e-03
83 TP 14 3.017e-04 1.330e-02 3.583e-02 1.653e-03 2.178e-04 4.056e-01 2.122e-02 1.134e-01 7.240e-02 1.041e-03 1.080e-02 7.755e-08 5.673e-02 2.584e-02 6.245e-02 9.931e-02 5.600e-03 6.095e-02 1.343e-02
83 TP 15 7.510e-02 8.598e-02 3.017e-02 2.182e-05 2.974e-04 1.869e-01 2.643e-03 3.894e-02 1.525e-01 1.036e-02 1.242e-01 2.168e-07 1.161e-02 5.237e-02 1.174e-01 1.323e-02 5.437e-07 7.392e-02 2.433e-02
83 TP 16 3.568e-04 2.176e-02 1.515e-02 1.769e-06 3.791e-02 1.211e-01 2.544e-06 1.944e-01 1.280e-01 5.352e-07 9.145e-02 6.484e-03 6.605e-04 1.452e-01 1.174e-01 7.026e-02 2.596e-08 7.297e-04 4.917e-02
83 TP 17 9.866e-03 5.013e-07 5.408e-07 2.448e-05 7.832e-04 3.702e-01 4.793e-07 1.137e-01 2.286e-06 2.176e-02 9.336e-03 6.179e-07 6.567e-02 2.010e-05 1.191e-05 1.862e-02 3.900e-01 4.597e-07 4.133e-06
83 TP 18 2.158e-01 8.179e-02 1.777e-02 6.777e-04 2.397e-05 1.067e-01 4.013e-02 7.619e-02 4.393e-02 1.441e-01 5.916e-02 2.352e-07 3.576e-02 1.767e-02 6.704e-02 4.347e-02 1.855e-05 1.835e-02 3.144e-02
83 TP 19 1.536e-03 2.696e-02 5.085e-02 2.744e-07 8.284e-07 2.869e-02 7.741e-03 1.181e-01 5.036e-01 8.742e-05 7.425e-02 1.850e-08 2.817e-05 5.912e-03 5.005e-02 3.559e-02 6.730e-07 4.285e-03 9.228e-02
84 IP 1 3.483e-09
84 IP 2 2.578e-09
84 IP 3 2.742e-09
84 IP 4 2.652e-09
84 IP 5 9.918e-01
84 IP 6 2.942e-09
84 IP 7 2.657e-09
84 IP 8 2.571e-09
84 IP 9 8.208e-03
84 IP 10 3.750e-09
84 IP 11 2.571e-09
84 IP 12 2.631e-09
84 IP 13 2.571e-09
84 IP 14 2.572e-09
84 IP 15 3.036e-09
84 EP 1 9.953e-01 2.732e-05 4.637e-03 7.005e-08
84 EP 2 1.213e-01 2.369e-01 8.206e-08 6.418e-01
84 EP 3 7.106e-01 1.194e-02 5.572e-10 2.775e-01
84 EP 4 8.685e-01 1.295e-01 1.476e-08 1.932e-03
84 EP 5 8.664e-01 3.388e-02 3.800e-02 6.173e-02
84 EP 6 9.986e-01 7.230e-04 2.094e-06 7.037e-04
84 EP 7 5.738e-01 1.133e-01 9.107e-09 3.129e-01
84 EP 8 7.147e-03 2.135e-02 9.715e-01 4.328e-08
84 EP 9 9.902e-01 9.665e-03 1.623e-08 1.547e-04
84 EP 10 3.612e-01 4.859e-10 6.388e-01 8.625e-11
84 EP 11 4.356e-01 2.541e-06 5.644e-01 8.503e-07
84 EP 12 9.463e-01 5.016e-02 7.304e-08 3.554e-03
84 EP 13 7.727e-03 9.912e-01 8.885e-04 1.935e-04
84 EP 14 1.074e-01 6.138e-02 8.312e-01 6.191e-08
84 EP 15 9.021e-01 7.249e-02 2.236e-08 2.541e-02
84 TP 1 1.485e-01 1.419e-01 8.146e-02 7.387e-03 2.246e-01 1.163e-01 9.731e-02 4.229e-03 8.643e-02 3.424e-08 1.931e-06 8.661e-03 7.572e-03 7.225e-08 7.577e-02
84 TP 2 2.110e-03 3.073e-03 2.985e-01 8.233e-03 2.539e-07 2.268e-01 2.548e-01 1.537e-03 1.002e-02 1.408e-08 3.784e-04 4.542e-03 1.522e-08 1.359e-04 1.899e-01
84 TP 3 5.908e-04 7.777e-03 8.528e-01 2.123e-02 2.192e-08 9.034e-02 1.410e-02 2.765e-07 2.294e-03 1.555e-09 6.058e-10 3.145e-03 2.658e-09 5.399e-10 7.769e-03
84 TP 4 4.398e-03 1.231e-01 4.167e-02 6.716e-02 1.204e-06 4.037e-01 1.335e-01 8.971e-03 1.619e-02 8.195e-08 1.416e-08 2.753e-02 1.527e-01 1.432e-08 2.112e-02
84 TP 5 2.876e-08 2.260e-11 8.760e-11 5.135e-11 9.763e-01 1.157e-05 4.823e-11 1.579e-10 9.710e-06 2.366e-02 7.276e-10 1.361e-09 1.107e-11 7.579e-09 2.184e-10
84 TP 6 1.510e-02 1.148e-01 2.985e-01 3.643e-02 3.714e-03 2.377e-01 9.608e-02 4.476e-02 2.585e-02 4.261e-08 2.180e-04 8.063e-02 1.568e-02 4.576e-03 2.594e-02
84 TP 7 1.582e-03 7.805e-03 6.924e-01 7.365e-03 2.031e-07 1.405e-01 2.761e-02 3.011e-08 1.307e-02 1.531e-08 1.023e-08 1.096e-03 6.909e-07 8.879e-09 1.086e-01
84 TP 8 3.240e-01 1.444e-04 9.837e-08 5.286e-07 1.011e-07 5.267e-02 6.253e-05 4.895e-02 5.244e-01 4.629e-08 1.984e-02 1.249e-02 8.922e-03 5.313e-08 8.476e-03
84 TP 9 3.244e-01 1.807e-03 2.169e-01 1.114e-02 2.016e-02 1.556e-01 3.197e-02 1.078e-02 3.666e-02 3.030e-08 4.129e-08 5.238e-02 5.032e-05 1.692e-08 1.382e-01
84 TP 10 3.918e-10 3.197e-11 9.199e-11 9.416e-11 4.346e-01 8.031e-05 5.425e-11 4.090e-11 2.701e-10 5.653e-01 2.973e-11 1.652e-10 3.690e-11 8.416e-06 7.962e-11
84 TP 11 3.382e-05 8.657e-07 8.911e-07 9.469e-07 2.493e-06 1.906e-03 8.825e-07 7.624e-01 3.441e-04 1.089e-06 2.338e-01 1.462e-03 1.120e-06 9.535e-07 3.845e-05
84 TP 12 5.612e-03 8.981e-02 9.936e-02 1.933e-02 1.071e-04 2.405e-01 3.623e-03 1.387e-01 2.773e-02 8.167e-08 5.318e-06 3.602e-01 4.861e-03 3.918e-06 1.022e-02
84 TP 13 1.918e-02 5.479e-08 1.338e-07 2.958e-03 4.244e-01 4.430e-01 7.568e-08 1.913e-03 2.654e-02 9.939e-08 4.509e-08 6.747e-04 5.656e-02 4.747e-08 2.482e-02
84 TP 14 4.978e-04 7.845e-04 8.323e-08 1.004e-07 1.290e-04 3.768e-02 9.758e-08 3.293e-03 2.370e-02 9.844e-02 4.186e-07 3.096e-06 6.479e-08 8.355e-01 5.204e-07
84 TP 15 5.306e-02 2.639e-04 3.822e-02 8.644e-02 6.754e-07 6.535e-01 4.235e-03 6.910e-03 1.727e-02 4.933e-08 1.270e-08 4.806e-03 7.824e-03 1.258e-08 1.274e-01
85 IP 1 1.907e-02
85 IP 2 3.909e-09
85 IP 3 3.030e-09
85 IP 4 3.037e-09
85 IP 5 3.030e-09
85 IP 6 3.107e-09
85 IP 7 4.534e-09
85 IP 8 3.778e-09
85 IP 9 3.030e-09
85 IP 10 3.140e-09
85 IP 11 3.704e-09
85 IP 12 9.809e-01
85 EP 1 9.861e-01 1.389e-02 1.823e-05 1.104e-07
85 EP 2 1.000e+00 1.433e-05 1.557e-08 1.792e-08
85 EP 3 1.938e-04 1.679e-01 8.319e-01 1.058e-07
85 EP 4 2.654e-01 3.008e-03 7.316e-01 2.507e-08
85 EP 5 1.379e-03 7.288e-01 3.547e-07 2.698e-01
85 EP 6 1.768e-01 3.750e-02 1.884e-07 7.857e-01
85 EP 7 3.631e-01 8.869e-05 6.368e-01 8.223e-11
85 EP 8 9.021e-01 7.940e-03 7.163e-02 1.837e-02
85 EP 9 2.286e-06 8.631e-01 4.807e-07 1.369e-01
85 EP 10 9.642e-01 2.512e-03 9.895e-09 3.333e-02
85 EP 11 7.927e-01 2.209e-02 1.442e-10 1.852e-01
85 EP 12 8.764e-01 3.229e-02 3.662e-02 5.468e-02
85 TP 1 3.026e-01 1.832e-02 2.810e-02 2.254e-03 2.556e-02 5.067e-03 3.199e-03 2.564e-02 1.479e-04 3.475e-02 5.496e-01 4.817e-03
85 TP 2 3.595e-01 1.559e-01 3.801e-03 2.375e-04 7.404e-02 3.893e-03 3.090e-02 1.176e-07 1.745e-03 1.088e-02 2.555e-01 1.035e-01
85 TP 3 9.074e-01 4.755e-03 6.563e-02 1.963e-02 2.584e-03 1.648e-08 5.210e-08 4.673e-08 9.688e-09 2.040e-06 5.256e-08 1.510e-05
85 TP 4 1.189e-01 2.574e-03 3.742e-02 7.127e-01 7.025e-07 3.045e-07 1.517e-02 1.591e-07 8.207e-05 2.389e-02 8.927e-02 5.441e-07
85 TP 5 5.759e-01 2.237e-01 6.969e-05 1.288e-08 9.314e-02 5.364e-08 4.657e-08 2.488e-08 1.184e-08 4.698e-03 1.025e-01 6.888e-07
85 TP 6 2.148e-02 6.942e-01 3.441e-05 2.606e-04 1.708e-07 1.419e-02 2.304e-07 2.776e-07 1.209e-07 7.545e-06 3.279e-07 2.699e-01
85 TP 7 3.901e-07 6.053e-04 4.718e-08 1.472e-05 2.402e-06 5.341e-11 5.509e-01 2.388e-09 2.639e-11 5.497e-10 2.957e-10 4.485e-01
85 TP 8 8.662e-02 1.891e-08 1.991e-08 5.210e-06 1.337e-06 3.383e-06 5.782e-06 9.125e-01 3.126e-09 7.937e-08 6.560e-08 8.180e-04
85 TP 9 6.978e-07 6.845e-07 1.000e+00 4.777e-07 1.028e-06 8.386e-07 1.799e-06 6.751e-07 5.193e-07 6.792e-07 1.033e-06 9.433e-06
85 TP 10 2.722e-02 1.895e-06 2.220e-01 1.717e-03 1.203e-01 2.157e-08 1.115e-06 5.211e-08 6.400e-03 5.468e-01 7.565e-02 1.930e-06
85 TP 11 5.867e-02 1.255e-02 9.225e-09 5.076e-04 2.378e-09 6.619e-10 1.638e-09 5.235e-09 1.952e-10 4.937e-03 9.233e-01 2.116e-08
85 TP 12 4.831e-06 2.335e-05 2.919e-11 1.151e-09 3.656e-10 4.953e-08 2.363e-02 5.075e-10 3.394e-12 1.983e-10 2.548e-10 9.763e-01
86 IP 1 3.358e-09
86 IP 2 1.251e-08
86 IP 3 9.826e-01
86 IP 4 1.013e-07
86 IP 5 3.694e-09
86 IP 6 1.001e-06
86 IP 7 1.739e-02
86 IP 8 1.724e-08
86 IP 9 1.755e-08
86 IP 10 3.412e-09
86 IP 11 3.301e-09
86 IP 12 9.240e-09
86 EP 1 2.425e-02 2.488e-01 1.045e-02 7.165e-01
86 EP 2 7.975e-01 2.691e-02 1.170e-09 1.756e-01
86 EP 3 9.644e-01 3.195e-02 3.822e-04 3.269e-03
86 EP 4 8.875e-01 3.018e-02 3.590e-07 8.230e-02
86 EP 5 1.408e-01 7.784e-01 3.409e-07 8.076e-02
86 EP 6 8.317e-01 1.683e-01 2.456e-05 8.164e-08
86 EP 7 9.977e-01 2.317e-03 5.634e-08 3.936e-06
86 EP 8 8.245e-01 2.272e-02 1.528e-01 1.586e-10
86 EP 9 9.455e-01 5.208e-02 2.004e-08 2.410e-03
86 EP 10 7.882e-02 5.369e-10 9.212e-01 4.499e-10
86 EP 11 9.105e-05 7.041e-04 9.992e-01 3.693e-08
86 EP 12 7.549e-01 2.233e-01 2.186e-02 3.310e-06
86 TP 1 5.178e-05 4.585e-02 2.319e-04 6.490e-07 2.292e-06 9.577e-03 7.382e-01 3.014e-07 1.333e-01 1.158e-07 3.745e-02 3.531e-02
86 TP 2 3.761e-04 9.431e-01 1.925e-08 1.571e-08 7.765e-04 4.256e-04 1.155e-02 4.953e-09 4.329e-02 6.644e-10 1.422e-04 2.991e-04
86 TP 3 1.036e-05 1.318e-08 4.342e-02 7.885e-01 5.981e-07 1.774e-09 2.577e-08 1.680e-01 2.853e-08 1.688e-09 1.029e-10 3.241e-10
86 TP 4 1.160e-05 2.258e-08 1.189e-02 8.313e-01 4.100e-11 2.555e-07 5.208e-06 1.568e-01 1.071e-06 9.570e-09 4.352e-06 8.685e-11
86 TP 5 1.650e-03 3.810e-01 8.358e-02 1.558e-06 3.823e-03 1.528e-03 3.076e-01 3.780e-07 1.393e-01 1.145e-07 4.629e-03 7.688e-02
86 TP 6 8.592e-04 1.794e-01 3.102e-07 2.428e-07 2.292e-03 1.200e-02 4.478e-01 1.174e-07 3.236e-01 2.347e-07 5.607e-03 2.849e-02
86 TP 7 8.077e-04 7.351e-01 2.087e-03 3.171e-05 3.311e-03 1.990e-02 5.950e-02 3.668e-08 1.311e-01 3.330e-08 4.292e-02 5.156e-03
86 TP 8 3.121e-11 8.280e-10 2.753e-01 4.376e-03 1.586e-10 1.809e-10 5.721e-10 7.024e-01 5.998e-10 1.797e-02 3.283e-11 8.975e-11
86 TP 9 8.484e-03 3.836e-01 3.368e-02 4.701e-03 1.806e-02 3.542e-03 5.199e-02 6.846e-08 2.426e-01 9.204e-09 2.518e-01 1.460e-03
86 TP 10 8.824e-11 4.611e-10 1.119e-01 9.450e-03 2.416e-10 2.782e-10 4.606e-10 2.743e-01 3.849e-10 6.044e-01 1.516e-10 1.954e-10
86 TP 11 8.222e-05 1.273e-02 6.173e-08 3.563e-03 5.248e-08 1.572e-01 6.759e-01 3.396e-08 3.037e-02 2.345e-08 8.420e-02 3.595e-02
86 TP 12 5.959e-07 1.089e-01 5.054e-05 9.170e-07 1.445e-04 1.491e-02 2.257e-01 2.480e-07 5.765e-01 2.712e-07 6.933e-03 6.690e-02
87 IP 1 1.257e-02
87 IP 2 5.300e-09
87 IP 3 5.368e-09
87 IP 4 4.390e-09
87 IP 5 9.874e-01
87 IP 6 4.194e-09
87 IP 7 5.114e-09
87 IP 8 5.496e-09
87 IP 9 4.100e-09
87 IP 10 4.282e-09
87 IP 11 4.120e-09
87 IP 12 4.756e-09
87 EP 1 1.000e+00 1.685e-06 6.712e-08 8.599e-08
87 EP 2 9.985e-01 1.391e-03 2.061e-06 1.320e-04
87 EP 3 9.900e-01 1.000e-02 1.388e-09 3.552e-08
87 EP 4 4.831e-01 4.598e-02 3.207e-09 4.709e-01
87 EP 5 8.924e-01 2.743e-02 3.737e-02 4.285e-02
87 EP 6 5.443e-01 1.419e-01 3.138e-01 1.182e-07
87 EP 7 9.990e-01 2.951e-04 6.755e-04 1.059e-07
87 EP 8 3.135e-01 9.853e-04 6.855e-01 6.597e-11
87 EP 9 7.874e-03 8.511e-01 1.443e-07 1.410e-01
87 EP 10 8.593e-01 9.499e-02 3.769e-02 7.973e-03
87 EP 11 1.299e-01 6.594e-03 5.928e-08 8.635e-01
87 EP 12 9.332e-01 2.596e-03 6.420e-02 3.635e-08
87 TP 1 8.367e-02 2.024e-01 6.944e-01 1.139e-04 4.117e-07 7.830e-08 1.850e-02 1.287e-07 9.423e-06 2.197e-06 3.055e-07 8.986e-04
87 TP 2 1.141e-04 1.987e-01 9.557e-02 3.841e-01 1.508e-06 3.008e-02 4.273e-02 1.490e-05 4.607e-03 1.405e-01 7.144e-02 3.212e-02
87 TP 3 1.091e-03 6.191e-02 4.509e-01 4.172e-01 6.701e-09 1.094e-02 3.439e-02 4.486e-06 6.849e-04 1.540e-09 2.666e-09 2.288e-02
87 TP 4 2.913e-03 4.775e-03 6.255e-01 3.022e-01 1.353e-08 2.863e-03 5.278e-02 2.700e-05 2.231e-06 2.277e-09 4.864e-09 8.962e-03
