67 IP 1 7.987e-10
67 IP 2 8.801e-03
67 IP 3 7.988e-10
67 IP 4 7.987e-10
67 IP 5 7.987e-10
67 IP 6 7.987e-10
67 IP 7 7.987e-10
67 IP 8 1.602e-09
67 IP 9 7.987e-10
67 IP 10 9.912e-01
67 IP 11 7.987e-10
67 IP 12 7.987e-10
67 IP 13 8.569e-10
67 IP 14 7.987e-10
67 IP 15 8.008e-10
67 IP 16 7.987e-10
67 EP 1 3.281e-08 4.780e-07 1.000e+00 1.301e-09
67 EP 2 1.000e+00 7.837e-07 3.823e-10 4.523e-10
67 EP 3 8.378e-01 4.161e-02 4.137e-08 1.206e-01
67 EP 4 2.658e-03 9.973e-01 7.716e-06 1.615e-08
67 EP 5 1.458e-09 2.554e-06 1.000e+00 1.903e-10
67 EP 6 7.631e-08 1.000e+00 6.499e-09 7.007e-08
67 EP 7 4.295e-04 9.996e-01 1.749e-09 1.738e-09
67 EP 8 1.616e-01 1.239e-09 1.725e-10 8.384e-01
67 EP 9 1.336e-07 1.982e-04 7.084e-09 9.998e-01
67 EP 10 7.305e-01 1.379e-01 7.730e-02 5.430e-02
67 EP 11 2.800e-05 1.000e+00 2.373e-09 1.696e-09
67 EP 12 3.213e-07 5.516e-08 9.177e-01 8.227e-02
67 EP 13 9.883e-01 1.355e-08 6.495e-10 1.173e-02
67 EP 14 1.576e-07 2.017e-07 7.734e-09 1.000e+00
67 EP 15 8.174e-01 3.797e-02 1.446e-01 2.496e-10
67 EP 16 1.481e-06 5.837e-04 1.718e-09 9.994e-01
67 TP 1 8.602e-02 5.513e-01 3.828e-03 2.236e-02 5.663e-08 1.045e-02 1.155e-08 1.235e-07 3.094e-04 2.418e-06 6.468e-02 1.202e-09 8.745e-09 1.161e-09 2.611e-01 4.425e-05
67 TP 2 1.687e-02 5.581e-01 9.542e-10 4.481e-03 2.997e-04 7.445e-09 9.862e-02 3.102e-02 1.054e-02 4.101e-02 6.203e-02 1.669e-10 1.157e-04 1.127e-02 1.379e-01 2.771e-02
67 TP 3 4.291e-08 1.404e-07 2.987e-01 5.146e-05 4.740e-08 2.917e-06 3.190e-06 1.264e-06 4.908e-01 7.103e-06 3.560e-05 4.218e-08 1.072e-07 2.104e-01 8.275e-08 6.377e-07
67 TP 4 2.025e-01 3.776e-04 5.363e-08 3.500e-02 1.195e-07 1.272e-02 5.578e-02 4.967e-07 7.960e-03 8.041e-06 8.109e-03 1.624e-08 6.880e-08 9.181e-04 6.697e-01 6.916e-03
67 TP 5 1.476e-08 1.904e-01 7.541e-10 1.979e-03 7.172e-01 7.689e-10 5.607e-10 6.199e-03 6.302e-05 4.384e-04 1.214e-02 2.044e-10 3.610e-09 1.893e-10 7.159e-02 2.006e-10
67 TP 6 4.742e-04 7.294e-02 4.047e-06 1.991e-05 7.431e-09 5.382e-02 1.069e-08 1.907e-07 6.167e-02 7.205e-07 2.061e-02 6.537e-09 7.325e-01 3.689e-03 3.261e-02 2.163e-02
67 TP 7 2.819e-02 4.174e-01 1.648e-02 2.613e-09 1.717e-07 2.795e-05 8.735e-02 3.537e-08 3.830e-02 2.749e-07 5.755e-02 1.424e-09 3.163e-08 3.224e-03 3.349e-01 1.656e-02
67 TP 8 2.971e-10 1.150e-03 5.942e-10 2.125e-09 1.080e-08 1.625e-09 1.187e-09 5.912e-01 1.418e-09 4.052e-01 7.763e-10 3.941e-04 1.138e-08 5.800e-10 6.187e-09 2.062e-03
67 TP 9 4.024e-09 1.627e-03 8.775e-03 9.179e-04 4.080e-09 1.721e-02 1.983e-08 1.159e-07 1.041e-02 3.468e-07 2.187e-02 4.361e-09 9.392e-01 2.990e-07 8.725e-09 1.477e-08
67 TP 10 3.242e-09 2.696e-08 1.150e-09 3.941e-09 1.478e-08 2.040e-09 2.693e-09 4.454e-02 9.359e-05 9.553e-01 1.062e-09 7.643e-05 1.060e-06 6.252e-10 2.268e-08 7.032e-10
67 TP 11 1.508e-03 9.026e-01 3.231e-09 3.483e-09 2.523e-09 6.515e-09 3.545e-09 6.681e-08 7.579e-09 1.429e-06 8.391e-02 1.488e-09 1.197e-02 1.785e-09 2.764e-05 5.790e-09
67 TP 12 1.159e-01 1.732e-08 1.027e-08 3.283e-08 8.837e-01 1.560e-08 1.495e-08 5.063e-08 9.737e-09 1.802e-07 1.283e-08 1.523e-08 1.712e-08 9.515e-09 3.444e-04 9.552e-09
67 TP 13 1.034e-02 1.592e-01 9.773e-10 2.775e-08 1.494e-02 6.509e-02 2.263e-06 3.709e-07 2.866e-02 1.594e-07 4.316e-02 2.006e-03 4.940e-01 2.221e-02 1.218e-01 3.863e-02
67 TP 14 7.513e-09 3.983e-01 2.860e-05 5.557e-03 7.622e-09 2.412e-01 9.317e-06 6.719e-07 3.038e-08 1.145e-06 3.387e-02 8.123e-03 3.163e-03 1.262e-01 1.824e-01 1.105e-03
67 TP 15 1.517e-01 8.959e-06 8.785e-10 2.261e-04 3.347e-01 3.635e-08 5.067e-06 4.901e-08 4.992e-10 7.163e-07 3.642e-08 2.546e-10 5.163e-09 3.549e-10 5.134e-01 4.017e-10
67 TP 16 1.683e-09 1.513e-02 6.725e-09 4.609e-09 1.770e-09 3.713e-03 3.977e-09 7.175e-05 6.401e-08 1.403e-07 1.652e-02 8.790e-04 7.263e-01 7.946e-09 2.471e-08 2.374e-01
68 IP 1 8.681e-10
68 IP 2 2.829e-03
68 IP 3 8.681e-10
68 IP 4 8.681e-10
68 IP 5 9.972e-01
68 IP 6 8.681e-10
68 IP 7 2.244e-09
68 IP 8 8.681e-10
68 IP 9 8.681e-10
68 IP 10 8.681e-10
68 EP 1 3.807e-07 2.770e-07 1.000e+00 3.195e-08
68 EP 2 9.999e-01 8.337e-07 7.870e-07 8.490e-05
68 EP 3 6.089e-07 7.331e-01 6.763e-09 2.669e-01
68 EP 4 6.523e-05 9.999e-01 1.584e-08 3.355e-09
68 EP 5 7.363e-01 1.351e-01 7.889e-02 4.967e-02
68 EP 6 6.465e-08 4.725e-02 9.527e-01 6.841e-09
68 EP 7 1.604e-01 1.356e-09 2.487e-10 8.396e-01
68 EP 8 5.784e-05 1.421e-08 1.192e-08 9.999e-01
68 EP 9 1.999e-07 1.549e-07 9.711e-01 2.888e-02
68 EP 10 3.155e-07 7.684e-04 9.992e-01 3.477e-10
68 TP 1 3.122e-01 2.961e-01 8.685e-03 3.819e-01 7.021e-07 6.609e-07 4.974e-08 1.050e-03 4.010e-08 1.025e-06
68 TP 2 8.774e-03 5.615e-01 5.060e-02 9.070e-02 1.380e-08 4.067e-02 1.843e-08 1.182e-02 2.427e-08 2.360e-01
68 TP 3 2.803e-05 8.167e-01 1.383e-01 2.985e-02 3.994e-08 3.771e-07 1.941e-08 1.445e-02 1.749e-06 5.720e-04
68 TP 4 4.230e-09 7.104e-01 1.026e-02 1.068e-01 3.196e-08 4.823e-02 6.865e-09 6.008e-04 3.890e-09 1.237e-01
68 TP 5 1.305e-09 6.506e-08 1.465e-09 2.636e-09 9.540e-01 2.487e-09 4.601e-02 1.015e-09 9.711e-09 2.617e-08
68 TP 6 1.969e-03 7.224e-01 3.555e-08 6.301e-02 1.311e-07 2.127e-01 9.437e-09 8.099e-09 8.476e-09 9.886e-07
68 TP 7 3.093e-10 2.866e-03 2.784e-09 2.957e-09 4.421e-01 4.602e-10 5.547e-01 3.859e-04 4.392e-09 8.493e-09
68 TP 8 1.189e-08 5.648e-01 5.102e-02 6.047e-02 7.260e-08 1.455e-07 3.662e-02 2.108e-01 7.627e-02 2.513e-05
68 TP 9 1.582e-07 7.868e-03 1.539e-07 1.543e-07 1.655e-07 3.168e-01 1.549e-07 1.539e-07 1.934e-07 6.753e-01
68 TP 10 1.261e-09 1.024e-01 2.575e-04 6.762e-03 1.046e-01 3.213e-08 1.555e-09 3.484e-10 5.118e-10 7.860e-01
69 IP 1 1.000e+00
69 IP 2 4.693e-09
69 IP 3 9.218e-10
69 IP 4 3.440e-09
69 IP 5 9.217e-10
69 IP 6 3.067e-09
69 IP 7 9.453e-10
69 IP 8 9.217e-10
69 IP 9 9.217e-10
69 IP 10 9.217e-10
69 IP 11 9.217e-10
69 IP 12 9.771e-10
69 IP 13 1.021e-08
69 IP 14 1.227e-09
69 IP 15 9.223e-10
69 IP 16 9.287e-10
69 IP 17 1.698e-09
69 IP 18 1.776e-09
69 IP 19 9.337e-10
69 IP 20 1.275e-09
69 IP 21 9.373e-10
69 IP 22 9.217e-10
69 EP 1 1.000e+00 2.463e-08 6.956e-10 6.285e-10
69 EP 2 1.000e+00 1.232e-05 3.983e-10 8.914e-10
69 EP 3 2.083e-04 9.998e-01 6.742e-08 5.187e-10
69 EP 4 1.000e+00 3.988e-05 9.932e-11 6.457e-10
69 EP 5 5.850e-08 5.692e-08 1.342e-01 8.658e-01
69 EP 6 9.996e-01 3.886e-04 8.753e-09 8.653e-11
69 EP 7 5.615e-02 2.205e-09 5.205e-11 9.439e-01
69 EP 8 3.270e-06 1.000e+00 1.040e-09 7.115e-09
69 EP 9 1.823e-07 1.835e-07 9.896e-07 1.000e+00
69 EP 10 1.726e-05 9.997e-01 3.929e-10 2.368e-04
69 EP 11 4.464e-08 3.011e-08 1.000e+00 6.441e-09
69 EP 12 8.130e-02 9.187e-01 2.898e-09 1.069e-08
69 EP 13 9.999e-01 1.041e-04 5.116e-10 5.055e-10
69 EP 14 9.984e-01 1.463e-03 3.709e-11 1.596e-04
69 EP 15 1.126e-03 2.972e-03 1.363e-10 9.959e-01
69 EP 16 7.947e-03 9.921e-01 6.516e-10 1.146e-09
69 EP 17 9.937e-01 6.296e-03 1.243e-10 3.846e-05
69 EP 18 9.628e-01 2.945e-03 3.421e-02 1.896e-10
69 EP 19 1.948e-02 1.128e-03 9.794e-01 1.106e-10
69 EP 20 6.658e-01 1.713e-03 3.325e-01 1.019e-10
69 EP 21 2.767e-02 6.231e-02 6.491e-10 9.100e-01
69 EP 22 3.659e-05 7.164e-01 2.836e-01 2.484e-08
69 TP 1 4.564e-01 2.142e-02 2.429e-06 3.866e-02 1.535e-04 3.711e-04 6.337e-06 1.146e-04 2.038e-10 9.496e-06 1.254e-09 6.054e-05 4.270e-01 3.950e-03 1.545e-05 4.808e-02 3.465e-05 2.528e-03 2.754e-05 1.007e-03 1.468e-07 1.016e-04
69 TP 2 3.081e-02 1.299e-01 9.546e-10 4.513e-01 1.220e-07 2.698e-02 5.132e-08 6.178e-08 7.310e-11 1.079e-03 4.755e-05 4.637e-02 1.749e-02 1.309e-01 2.801e-02 4.719e-02 8.453e-04 1.912e-02 8.639e-05 4.864e-02 7.261e-08 2.126e-02
69 TP 3 2.370e-03 1.513e-06 5.952e-02 2.665e-06 3.345e-10 7.379e-04 1.810e-08 3.775e-09 5.787e-10 2.111e-09 8.314e-06 6.476e-09 1.536e-08 5.121e-02 3.075e-05 7.870e-06 2.280e-02 5.057e-01 1.155e-01 1.095e-01 1.566e-09 1.326e-01
69 TP 4 8.281e-03 3.267e-01 1.201e-02 1.057e-01 2.684e-09 1.057e-04 4.830e-03 1.222e-02 6.130e-11 7.687e-03 5.965e-06 2.852e-02 2.255e-02 1.564e-01 1.472e-02 1.030e-01 3.541e-03 1.028e-01 1.107e-02 7.520e-02 2.294e-06 4.636e-03
69 TP 5 3.914e-08 4.571e-08 7.410e-02 4.888e-08 1.899e-08 5.685e-08 1.987e-08 4.949e-01 6.555e-09 2.338e-01 1.616e-08 5.327e-03 4.454e-08 4.579e-08 1.252e-08 1.919e-01 4.138e-08 8.469e-08 3.423e-09 8.467e-08 1.189e-08 5.949e-09
69 TP 6 2.277e-03 8.636e-02 2.833e-02 1.173e-01 1.725e-10 2.232e-01 3.693e-08 1.172e-04 1.579e-10 1.682e-09 5.421e-04 4.647e-02 1.774e-02 8.666e-02 9.409e-03 7.437e-02 1.344e-04 1.638e-01 7.265e-02 1.925e-03 1.021e-09 6.874e-02
69 TP 7 1.777e-03 5.448e-02 5.618e-10 2.350e-01 2.512e-10 3.699e-09 4.854e-01 4.453e-09 1.588e-10 2.752e-03 1.062e-03 4.706e-03 5.188e-02 4.195e-02 3.787e-07 2.437e-02 8.886e-02 1.072e-04 2.630e-10 6.948e-03 7.040e-04 6.037e-10
69 TP 8 8.209e-03 8.785e-05 2.985e-02 3.061e-04 4.223e-10 1.160e-01 5.368e-02 1.457e-02 4.985e-10 2.382e-02 1.433e-09 9.427e-02 3.820e-07 2.781e-01 7.174e-02 4.075e-02 3.418e-03 5.153e-02 5.283e-04 1.787e-01 2.486e-09 3.448e-02
69 TP 9 3.416e-08 4.505e-08 2.474e-08 4.190e-08 2.717e-08 3.577e-08 1.334e-02 3.229e-08 3.476e-07 6.749e-03 2.074e-08 3.182e-08 4.169e-08 9.052e-01 4.405e-02 2.736e-08 3.067e-02 2.860e-08 2.077e-08 2.551e-08 4.160e-08 2.478e-08
69 TP 10 3.207e-06 4.153e-06 1.225e-08 3.655e-05 5.693e-10 7.388e-08 3.591e-02 1.463e-08 9.038e-10 4.525e-02 2.239e-08 2.689e-07 6.158e-08 5.309e-01 3.879e-01 2.874e-05 1.151e-05 4.123e-08 5.595e-09 9.280e-08 4.649e-09 1.196e-05
69 TP 11 1.709e-03 5.099e-03 1.203e-05 2.235e-05 2.313e-03 2.724e-01 3.826e-02 5.383e-08 1.155e-04 3.022e-06 2.340e-01 6.263e-08 3.878e-02 1.385e-07 2.467e-05 4.576e-06 6.677e-08 4.066e-06 3.939e-01 1.340e-02 6.115e-09 9.470e-08
69 TP 12 1.210e-02 4.974e-02 3.094e-06 3.254e-02 3.912e-10 2.781e-01 3.971e-04 1.005e-05 5.674e-10 1.358e-02 2.202e-09 5.687e-02 1.887e-04 2.700e-01 2.202e-02 1.829e-01 8.111e-02 4.846e-04 2.578e-09 2.151e-08 2.056e-09 2.866e-08
69 TP 13 6.908e-02 9.864e-02 1.357e-09 2.069e-01 1.234e-09 3.113e-03 8.090e-09 9.016e-10 1.314e-10 6.161e-10 3.449e-10 4.979e-07 4.215e-01 1.157e-01 5.472e-09 3.565e-02 1.481e-02 1.687e-02 2.119e-07 2.433e-05 1.743e-09 1.765e-02
69 TP 14 9.559e-03 1.392e-04 5.787e-05 3.092e-03 8.595e-03 1.954e-05 1.830e-01 8.742e-02 6.064e-11 5.191e-02 1.036e-05 1.029e-02 1.249e-04 4.172e-01 2.186e-01 5.879e-05 7.984e-04 2.938e-04 6.883e-03 4.859e-04 1.317e-03 6.495e-06
69 TP 15 4.860e-03 1.231e-02 6.834e-10 3.949e-01 2.696e-10 2.735e-05 1.897e-05 2.811e-08 1.616e-10 1.158e-02 4.143e-09 5.948e-06 5.711e-02 1.353e-01 1.206e-01 6.129e-02 1.543e-01 1.788e-07 1.201e-10 1.498e-04 4.762e-02 1.903e-10
69 TP 16 1.257e-02 8.220e-01 9.847e-10 8.456e-02 1.094e-10 1.736e-04 1.556e-09 9.284e-10 2.050e-10 1.014e-09 1.630e-09 1.903e-09 4.698e-03 3.232e-03 1.737e-05 4.267e-02 1.266e-02 9.932e-09 9.813e-10 6.908e-09 7.281e-10 1.741e-02
69 TP 17 4.011e-03 3.982e-02 5.928e-03 2.885e-01 3.086e-09 6.113e-07 5.138e-02 1.363e-07 4.707e-10 2.690e-08 1.517e-03 1.934e-04 1.990e-03 6.165e-02 2.327e-01 3.503e-02 6.676e-02 2.276e-02 8.959e-03 1.062e-02 1.493e-01 1.883e-02
69 TP 18 1.035e-02 1.563e-04 1.301e-01 6.413e-04 6.277e-07 3.586e-04 1.607e-09 7.062e-02 9.999e-11 1.989e-07 5.696e-03 3.137e-06 4.215e-04 4.327e-03 1.161e-09 1.166e-08 5.048e-08 5.812e-01 1.044e-01 9.167e-02 1.004e-09 1.421e-04
69 TP 19 3.799e-03 4.648e-02 1.644e-02 5.221e-02 5.241e-11 3.683e-01 1.073e-09 1.110e-09 1.084e-03 1.510e-03 4.013e-02 1.743e-07 6.662e-02 9.088e-02 1.504e-10 7.403e-02 3.351e-09 4.224e-04 1.798e-01 5.826e-02 5.822e-11 3.370e-07
69 TP 20 3.392e-03 1.968e-02 8.389e-03 5.441e-02 1.540e-10 2.869e-03 2.868e-10 1.868e-09 1.528e-10 1.279e-09 5.232e-03 4.318e-08 1.359e-01 3.527e-02 2.095e-10 2.029e-02 7.615e-09 2.044e-06 3.092e-01 4.053e-01 1.353e-10 7.918e-06
69 TP 21 1.195e-05 2.990e-01 5.010e-09 1.301e-01 2.204e-09 3.519e-08 2.047e-07 1.310e-06 1.426e-09 9.996e-03 9.950e-05 4.683e-02 3.957e-03 4.108e-08 1.966e-01 1.194e-01 7.976e-06 4.689e-04 2.510e-05 1.753e-01 1.389e-02 4.312e-03
69 TP 22 1.704e-02 5.705e-02 1.201e-03 5.668e-02 3.459e-10 8.470e-01 1.083e-09 4.092e-09 1.205e-09 3.641e-09 7.268e-06 5.855e-09 2.062e-02 1.065e-08 1.152e-09 3.549e-04 7.109e-08 2.433e-06 5.835e-09 2.937e-06 5.248e-10 1.689e-05
70 IP 1 4.249e-09
70 IP 2 1.000e+00
70 IP 3 1.053e-09
70 IP 4 1.053e-09
70 IP 5 1.053e-09
70 IP 6 1.053e-09
70 IP 7 1.055e-09
70 IP 8 1.057e-09
70 IP 9 1.812e-09
70 IP 10 1.098e-09
70 IP 11 1.053e-09
70 IP 12 2.024e-09
70 EP 1 1.000e+00 1.534e-09 2.963e-10 8.859e-11
70 EP 2 9.738e-01 2.618e-02 1.115e-10 1.892e-10
70 EP 3 2.381e-04 1.766e-01 1.566e-10 8.232e-01
70 EP 4 4.906e-08 1.000e+00 7.417e-10 1.073e-09
70 EP 5 8.909e-04 1.095e-09 6.572e-11 9.991e-01
70 EP 6 1.624e-08 2.720e-05 3.062e-10 1.000e+00
70 EP 7 3.843e-02 1.652e-05 9.616e-01 1.493e-10
70 EP 8 4.677e-03 9.953e-01 5.268e-10 7.092e-10
70 EP 9 9.988e-01 5.964e-05 5.356e-11 1.179e-03
70 EP 10 7.860e-01 7.441e-02 1.396e-01 4.603e-11
70 EP 11 7.039e-04 2.247e-06 9.993e-01 1.040e-10
70 EP 12 8.325e-01 1.107e-02 3.762e-11 1.564e-01
70 TP 1 4.130e-01 4.004e-06 2.435e-02 1.392e-05 3.147e-07 4.174e-03 2.280e-03 1.859e-01 2.806e-01 4.429e-02 4.542e-02 6.318e-09
70 TP 2 2.175e-01 7.609e-01 1.381e-09 4.815e-10 8.731e-10 1.175e-09 3.008e-10 8.762e-07 2.157e-02 3.980e-09 8.083e-10 2.118e-09
70 TP 3 1.548e-01 1.853e-01 1.580e-01 1.697e-09 3.156e-09 2.120e-02 1.404e-09 5.033e-08 1.850e-02 5.204e-09 2.339e-10 4.622e-01
70 TP 4 4.945e-06 1.838e-06 7.200e-02 5.448e-02 1.432e-02 7.170e-02 7.779e-10 1.132e-01 5.095e-01 1.199e-01 4.490e-02 8.628e-09
70 TP 5 1.791e-02 1.475e-01 2.923e-03 4.546e-04 5.042e-01 7.956e-04 2.983e-03 1.037e-02 4.611e-02 3.670e-09 1.054e-10 2.668e-01
70 TP 6 3.137e-03 1.606e-01 1.179e-01 7.143e-03 5.115e-07 7.553e-03 5.171e-04 5.542e-02 1.624e-01 9.823e-03 4.260e-11 4.755e-01
70 TP 7 1.223e-02 4.906e-08 8.262e-10 8.019e-10 4.926e-10 4.999e-09 3.304e-01 1.636e-09 8.004e-02 3.892e-02 5.385e-01 1.339e-08
70 TP 8 4.567e-01 2.330e-01 1.333e-02 1.016e-09 3.297e-09 2.409e-03 1.532e-10 7.998e-02 2.089e-01 5.652e-03 5.939e-10 1.643e-05
70 TP 9 7.104e-06 1.132e-07 6.885e-08 1.426e-01 5.774e-02 1.607e-01 1.518e-02 2.473e-02 5.469e-01 5.220e-02 5.707e-09 1.302e-09
70 TP 10 1.129e-07 5.632e-08 9.857e-10 6.583e-03 1.155e-09 9.800e-10 1.374e-05 7.181e-05 1.251e-08 4.122e-01 5.811e-01 2.023e-09
70 TP 11 4.212e-01 1.996e-01 3.815e-10 1.020e-09 7.026e-04 2.998e-03 5.230e-02 8.325e-02 1.147e-01 5.086e-02 7.437e-02 3.539e-09
70 TP 12 7.876e-02 1.654e-07 5.893e-02 3.565e-05 3.460e-02 6.424e-02 9.577e-04 1.205e-01 2.414e-01 3.868e-02 2.417e-02 3.377e-01
71 IP 1 3.144e-09
71 IP 2 2.251e-09
71 IP 3 1.078e-09
71 IP 4 9.061e-09
71 IP 5 1.138e-09
71 IP 6 1.000e+00
71 IP 7 1.078e-09
71 IP 8 1.113e-09
71 IP 9 1.099e-09
71 IP 10 1.078e-09
71 EP 1 1.000e+00 5.540e-09 8.369e-11 1.332e-10
71 EP 2 7.076e-01 5.319e-02 3.070e-11 2.392e-01
71 EP 3 6.184e-05 1.371e-09 9.999e-01 7.794e-11
71 EP 4 9.982e-01 1.019e-03 8.211e-04 1.249e-10
71 EP 5 8.029e-01 6.215e-02 1.349e-01 5.529e-11
71 EP 6 9.700e-01 2.999e-02 7.897e-09 3.353e-10
71 EP 7 7.291e-06 1.000e+00 2.608e-09 6.988e-10
71 EP 8 4.414e-02 9.559e-01 1.057e-09 8.374e-10
71 EP 9 4.906e-02 9.372e-07 6.975e-11 9.509e-01
71 EP 10 5.388e-05 1.553e-02 9.844e-01 3.481e-10
71 TP 1 4.239e-01 2.272e-01 2.923e-02 5.466e-07 5.708e-02 3.448e-03 2.170e-03 1.839e-01 5.064e-02 2.239e-02
71 TP 2 2.046e-01 6.715e-01 3.008e-10 1.165e-08 1.499e-02 3.810e-02 5.320e-02 1.893e-04 1.737e-02 1.207e-10
71 TP 3 1.303e-01 9.922e-03 4.142e-01 2.880e-01 4.504e-02 8.122e-02 3.132e-02 1.574e-09 2.337e-10 4.654e-08
71 TP 4 2.810e-01 1.842e-01 1.044e-02 3.247e-01 2.108e-02 3.612e-03 1.281e-01 2.621e-02 5.138e-05 2.059e-02
71 TP 5 5.365e-05 6.811e-09 2.018e-01 3.867e-07 3.488e-01 1.533e-03 2.586e-09 3.292e-06 1.009e-09 4.479e-01
71 TP 6 2.337e-01 1.802e-03 8.262e-10 1.170e-05 8.025e-06 7.643e-01 1.714e-04 8.785e-10 5.692e-10 1.887e-09
71 TP 7 1.706e-01 2.980e-02 6.953e-10 5.938e-01 1.935e-09 1.377e-01 6.808e-02 2.846e-09 2.297e-06 7.288e-08
71 TP 8 4.133e-01 3.004e-01 8.991e-03 3.389e-09 8.048e-02 5.057e-05 8.063e-02 6.985e-02 1.068e-02 3.563e-02
71 TP 9 1.315e-01 2.488e-01 8.476e-03 1.668e-03 8.297e-03 9.594e-02 1.412e-03 6.815e-10 5.039e-01 1.352e-09
71 TP 10 1.394e-01 1.046e-02 1.816e-02 4.404e-01 8.509e-02 1.660e-01 9.899e-02 8.071e-03 5.157e-04 3.286e-02
72 IP 1 1.328e-08
72 IP 2 1.166e-09
72 IP 3 1.166e-09
72 IP 4 2.095e-09
72 IP 5 1.177e-09
72 IP 6 1.000e+00
72 IP 7 3.885e-09
72 IP 8 1.166e-09
72 IP 9 4.008e-09
72 IP 10 1.166e-09
72 IP 11 1.166e-09
72 IP 12 1.216e-09
72 IP 13 1.637e-09
72 EP 1 1.000e+00 4.392e-07 8.289e-11 2.808e-10
72 EP 2 7.408e-09 4.231e-09 1.129e-10 1.000e+00
72 EP 3 6.201e-04 9.994e-01 6.990e-10 5.162e-09
72 EP 4 9.507e-01 2.790e-02 6.320e-11 2.141e-02
72 EP 5 2.746e-02 3.365e-10 1.042e-10 9.725e-01
72 EP 6 9.850e-01 1.498e-02 4.626e-10 9.003e-09
72 EP 7 8.670e-01 4.624e-02 5.694e-10 8.678e-02
72 EP 8 8.074e-05 9.999e-01 3.587e-09 1.262e-07
72 EP 9 8.007e-01 1.003e-01 9.896e-02 6.013e-11
72 EP 10 6.443e-04 9.994e-01 1.705e-09 2.440e-09
72 EP 11 1.588e-07 1.138e-02 9.886e-01 9.743e-11
72 EP 12 8.452e-01 9.291e-04 1.539e-01 1.954e-10
72 EP 13 4.857e-01 2.342e-02 7.757e-11 4.909e-01
72 TP 1 3.600e-01 6.928e-02 1.872e-02 1.821e-01 4.109e-04 6.448e-04 1.320e-08 3.275e-03 2.353e-01 1.124e-01 1.947e-05 1.777e-02 2.307e-05
72 TP 2 3.521e-01 9.572e-02 1.065e-03 9.082e-02 2.080e-09 1.186e-01 2.038e-03 2.115e-03 1.859e-09 5.773e-02 1.168e-09 9.702e-03 2.700e-01
72 TP 3 5.002e-08 1.181e-01 4.475e-02 3.986e-01 5.075e-10 2.959e-09 1.906e-05 8.316e-04 2.175e-01 1.008e-01 3.366e-02 8.575e-02 1.037e-08
72 TP 4 4.599e-04 2.528e-01 1.639e-01 5.321e-01 1.671e-02 2.091e-09 1.447e-06 1.774e-06 8.700e-09 8.502e-10 4.765e-08 3.396e-02 2.305e-09
72 TP 5 8.516e-02 1.537e-05 1.209e-09 1.584e-02 6.404e-01 4.686e-02 2.103e-01 8.059e-10 3.261e-09 3.304e-04 1.057e-03 8.354e-10 3.620e-06
72 TP 6 1.741e-01 1.957e-09 7.238e-10 2.119e-07 6.494e-10 7.619e-01 5.172e-04 4.388e-10 6.331e-02 1.933e-04 5.812e-10 5.817e-08 1.403e-09
72 TP 7 7.277e-05 9.308e-03 7.387e-07 1.269e-02 6.524e-02 1.986e-07 8.830e-01 8.612e-03 1.685e-08 4.560e-09 2.053e-09 2.060e-02 5.273e-04
72 TP 8 4.697e-02 3.284e-01 9.341e-07 4.555e-07 6.436e-09 1.773e-06 3.905e-01 6.090e-02 1.631e-02 1.567e-01 2.028e-08 1.642e-04 1.109e-07
72 TP 9 2.160e-02 2.778e-05 4.031e-03 1.041e-01 5.546e-10 4.008e-02 5.143e-03 9.373e-07 7.740e-01 2.496e-02 5.062e-03 2.092e-02 2.718e-09
72 TP 10 8.006e-01 8.195e-03 1.353e-09 5.922e-09 2.244e-10 1.290e-01 5.263e-09 1.221e-09 4.981e-04 6.170e-02 8.594e-10 3.649e-06 5.283e-09
72 TP 11 4.145e-01 8.063e-07 1.716e-09 4.112e-08 1.960e-10 5.645e-02 8.255e-03 2.984e-04 8.164e-02 3.536e-02 3.488e-01 4.987e-02 4.802e-03
72 TP 12 1.366e-08 1.229e-09 1.437e-08 6.751e-09 1.511e-09 2.147e-08 5.296e-09 4.248e-09 1.246e-02 1.134e-08 7.512e-01 2.364e-01 2.345e-09
72 TP 13 3.258e-01 1.923e-01 1.341e-08 2.741e-04 2.040e-09 7.204e-05 2.948e-05 2.332e-03 7.658e-02 3.804e-02 1.278e-02 1.920e-02 3.326e-01
73 IP 1 7.166e-09
73 IP 2 1.453e-08
73 IP 3 1.171e-09
73 IP 4 1.477e-09
73 IP 5 1.191e-09
73 IP 6 1.171e-09
73 IP 7 9.280e-09
73 IP 8 1.000e+00
73 IP 9 1.698e-09
73 IP 10 1.171e-09
73 IP 11 1.171e-09
73 IP 12 1.193e-09
73 IP 13 4.821e-09
73 EP 1 9.985e-01 1.504e-03 5.377e-11 1.853e-08
73 EP 2 9.973e-01 2.437e-03 2.883e-04 2.141e-10
73 EP 3 4.176e-06 1.000e+00 6.080e-10 3.197e-09
73 EP 4 7.930e-01 5.865e-02 3.732e-11 1.484e-01
73 EP 5 3.652e-02 7.638e-10 5.995e-11 9.635e-01
73 EP 6 2.093e-04 9.998e-01 5.968e-10 6.359e-09
73 EP 7 1.000e+00 8.599e-09 7.039e-10 2.367e-09
73 EP 8 9.438e-01 3.541e-02 5.287e-10 2.082e-02
73 EP 9 8.985e-01 7.435e-02 2.712e-02 9.103e-11
73 EP 10 3.584e-08 1.068e-08 1.512e-10 1.000e+00
73 EP 11 1.003e-08 8.601e-09 1.000e+00 2.026e-10
73 EP 12 8.803e-02 6.952e-03 9.050e-01 2.249e-10
73 EP 13 8.882e-01 2.624e-05 1.370e-10 1.118e-01
73 TP 1 6.553e-01 1.776e-02 6.288e-02 6.672e-02 3.134e-02 3.955e-02 5.366e-09 6.512e-04 8.255e-02 3.895e-02 7.601e-05 4.219e-03 2.214e-08
73 TP 2 2.685e-01 3.484e-01 5.358e-08 3.476e-02 5.227e-05 1.040e-01 3.058e-08 1.115e-01 5.607e-02 1.424e-02 6.249e-02 7.149e-09 3.165e-09
73 TP 3 1.803e-01 1.490e-08 3.550e-02 2.331e-01 6.134e-09 1.395e-01 5.716e-02 1.512e-08 2.224e-01 8.138e-02 5.070e-02 1.846e-09 3.487e-09
73 TP 4 7.606e-02 1.512e-07 5.492e-09 4.500e-01 8.052e-02 1.056e-08 2.607e-06 6.303e-09 4.785e-06 3.934e-01 3.652e-10 1.188e-09 1.083e-07
73 TP 5 1.971e-01 1.344e-01 8.618e-10 7.770e-02 5.143e-01 1.541e-02 6.717e-09 4.273e-02 1.667e-07 9.536e-03 3.709e-10 4.516e-03 4.302e-03
73 TP 6 4.051e-01 3.991e-01 3.523e-06 6.209e-09 4.532e-10 5.519e-02 9.392e-02 4.543e-02 6.271e-04 1.263e-09 6.627e-04 2.845e-10 1.666e-09
73 TP 7 1.006e-02 1.964e-04 2.241e-01 2.915e-06 8.163e-09 1.993e-01 4.993e-01 1.236e-04 7.360e-08 1.783e-02 9.997e-09 9.070e-03 4.008e-02
73 TP 8 9.153e-02 3.948e-02 5.750e-10 1.931e-09 6.150e-10 4.581e-07 1.201e-09 8.493e-01 1.974e-02 9.496e-10 5.453e-10 3.884e-10 1.723e-09
73 TP 9 3.151e-05 1.568e-05 9.027e-02 6.698e-09 3.073e-09 7.624e-02 2.568e-09 9.074e-04 4.434e-01 2.066e-09 3.712e-01 1.787e-02 1.867e-09
73 TP 10 2.949e-01 4.639e-03 1.694e-02 1.014e-01 1.325e-02 6.957e-02 2.311e-02 7.436e-02 1.530e-08 4.871e-02 1.093e-10 1.766e-03 3.514e-01
73 TP 11 1.221e-01 4.815e-01 3.529e-10 1.548e-02 3.740e-10 6.398e-02 3.657e-03 1.859e-02 8.866e-02 2.804e-04 1.468e-01 5.897e-02 2.541e-09
73 TP 12 1.351e-01 1.330e-07 6.833e-10 1.082e-02 4.712e-10 1.883e-09 1.269e-02 1.018e-08 6.174e-02 4.518e-10 4.873e-01 2.923e-01 2.634e-09
73 TP 13 2.083e-01 1.062e-01 1.715e-04 3.816e-08 2.588e-02 1.653e-01 6.087e-08 7.842e-05 5.005e-02 5.254e-09 7.064e-02 1.393e-02 3.594e-01
74 IP 1 1.401e-09
74 IP 2 2.969e-09
74 IP 3 1.806e-08
74 IP 4 1.917e-09
74 IP 5 1.410e-09
74 IP 6 1.572e-09
74 IP 7 2.577e-09
74 IP 8 1.000e+00
74 IP 9 1.432e-09
74 IP 10 1.444e-09
74 IP 11 2.416e-09
74 EP 1 6.158e-06 8.268e-04 1.502e-10 9.992e-01
74 EP 2 9.726e-01 9.462e-03 4.913e-11 1.794e-02
74 EP 3 1.000e+00 4.097e-05 6.930e-11 1.164e-10
74 EP 4 2.966e-01 1.678e-01 5.356e-01 9.682e-11
74 EP 5 1.404e-02 2.009e-09 9.860e-01 1.407e-10
74 EP 6 1.753e-01 8.247e-01 4.492e-10 8.714e-10
74 EP 7 9.289e-01 5.278e-03 6.579e-02 4.921e-11
74 EP 8 9.529e-01 3.490e-02 2.197e-10 1.224e-02
74 EP 9 2.044e-02 9.796e-01 4.967e-10 1.174e-09
74 EP 10 6.329e-02 1.706e-09 9.994e-11 9.367e-01
74 EP 11 6.355e-01 4.490e-02 5.147e-11 3.196e-01
74 TP 1 5.656e-02 9.249e-02 2.668e-01 8.194e-11 2.356e-04 1.718e-09 2.391e-02 7.601e-02 5.596e-02 1.565e-05 4.280e-01
74 TP 2 1.714e-01 5.410e-01 5.328e-03 7.612e-10 2.314e-05 2.014e-01 4.008e-02 1.712e-03 6.233e-05 3.891e-02 7.840e-09
74 TP 3 3.658e-02 1.790e-01 4.400e-01 1.100e-02 7.473e-03 4.466e-02 5.918e-02 1.258e-01 8.876e-02 7.460e-03 1.864e-07
74 TP 4 9.664e-04 2.341e-06 5.532e-01 1.699e-01 9.931e-03 2.179e-03 1.475e-01 5.694e-02 5.844e-02 9.768e-04 2.127e-08
74 TP 5 5.149e-04 1.081e-01 2.075e-01 1.821e-01 4.156e-01 1.722e-09 8.578e-02 4.749e-04 1.102e-08 1.047e-09 1.567e-08
74 TP 6 9.300e-02 4.404e-01 4.570e-03 7.700e-02 9.749e-03 8.105e-02 2.050e-01 4.994e-06 8.259e-02 6.644e-03 4.226e-07
74 TP 7 9.497e-10 8.253e-04 2.114e-02 4.254e-01 9.365e-02 2.551e-02 4.218e-01 1.174e-02 1.392e-08 1.625e-09 1.669e-09
74 TP 8 5.478e-04 9.346e-02 6.293e-03 7.895e-10 9.248e-10 1.156e-05 6.104e-02 8.353e-01 1.196e-07 3.347e-03 3.045e-09
74 TP 9 9.637e-03 2.861e-05 9.004e-01 8.517e-10 2.945e-10 2.137e-09 2.782e-02 1.675e-06 6.209e-02 5.728e-05 3.409e-07
74 TP 10 2.911e-07 1.979e-02 2.682e-01 3.797e-10 4.758e-03 5.865e-09 7.887e-09 8.043e-02 2.287e-05 5.350e-01 9.177e-02
74 TP 11 1.289e-01 1.416e-01 2.209e-01 1.324e-02 9.874e-03 1.951e-09 8.291e-02 3.837e-05 6.951e-02 1.323e-02 3.198e-01
75 IP 1 4.708e-09
75 IP 2 1.565e-09
75 IP 3 1.845e-04
75 IP 4 1.620e-09
75 IP 5 5.688e-09
75 IP 6 7.785e-09
75 IP 7 1.565e-09
75 IP 8 8.387e-09
75 IP 9 1.632e-09
75 IP 10 1.567e-09
75 IP 11 1.565e-09
75 IP 12 9.998e-01
75 EP 1 1.000e+00 1.622e-07 2.571e-10 1.023e-10
75 EP 2 3.138e-04 9.997e-01 1.001e-09 1.105e-09
75 EP 3 9.122e-01 7.320e-02 1.644e-10 1.463e-02
75 EP 4 8.419e-02 4.489e-03 9.113e-01 1.027e-10
75 EP 5 9.445e-01 5.551e-02 6.155e-11 3.446e-09
75 EP 6 9.734e-01 2.659e-02 7.859e-10 5.696e-10
75 EP 7 4.511e-04 9.898e-01 9.729e-03 9.644e-10
75 EP 8 8.415e-01 6.468e-02 9.380e-02 4.362e-11
75 EP 9 8.494e-02 1.470e-09 1.248e-10 9.151e-01
75 EP 10 1.681e-03 8.825e-07 1.378e-10 9.983e-01
75 EP 11 2.376e-04 1.406e-06 9.998e-01 2.650e-10
75 EP 12 9.478e-01 3.008e-02 1.271e-03 2.088e-02
75 TP 1 3.926e-01 5.739e-03 7.703e-03 4.830e-02 1.227e-02 1.186e-01 1.579e-01 1.734e-02 1.264e-02 8.993e-02 8.237e-02 5.465e-02
75 TP 2 2.606e-01 7.266e-05 7.004e-01 1.979e-09 2.394e-02 3.175e-04 4.546e-09 6.700e-08 7.956e-10 3.636e-09 1.310e-02 1.533e-03
75 TP 3 1.721e-01 6.964e-02 5.543e-01 3.252e-09 1.874e-01 4.463e-04 1.119e-08 5.476e-09 1.714e-08 1.156e-02 3.691e-08 4.561e-03
75 TP 4 1.089e-01 3.879e-09 9.200e-09 4.122e-01 6.594e-02 5.625e-08 9.096e-10 2.425e-01 1.163e-09 9.942e-07 1.705e-01 3.770e-09
75 TP 5 9.861e-02 6.232e-02 3.733e-03 1.183e-02 3.350e-01 2.715e-01 1.438e-02 4.914e-05 2.786e-02 1.718e-01 2.891e-03 6.006e-05
75 TP 6 1.647e-01 4.337e-07 1.277e-04 1.065e-02 5.885e-02 6.091e-01 4.974e-02 6.341e-05 5.076e-08 7.580e-02 3.094e-02 5.922e-08
75 TP 7 5.199e-01 9.039e-02 1.161e-08 2.525e-02 1.621e-01 1.620e-05 6.121e-02 1.578e-08 1.132e-09 8.842e-02 5.272e-02 5.602e-09
75 TP 8 1.023e-01 5.756e-02 4.163e-04 1.709e-02 1.280e-01 1.163e-03 2.024e-09 6.200e-01 2.535e-08 1.174e-02 7.929e-03 5.385e-02
75 TP 9 1.314e-01 4.640e-08 2.315e-01 2.200e-02 7.678e-02 2.379e-08 8.470e-10 4.745e-09 4.198e-01 1.060e-01 2.774e-03 9.663e-03
75 TP 10 9.883e-02 3.720e-02 1.653e-01 1.018e-03 4.188e-01 3.247e-06 2.081e-08 6.926e-10 7.965e-02 1.517e-01 1.136e-10 4.743e-02
75 TP 11 1.373e-01 4.427e-02 4.303e-09 8.704e-06 2.974e-04 4.810e-08 1.832e-09 8.182e-01 1.635e-08 4.234e-09 8.444e-09 1.611e-08
75 TP 12 9.254e-02 5.455e-05 4.173e-05 9.342e-09 4.313e-02 2.156e-04 1.111e-09 3.595e-07 4.746e-10 4.837e-10 8.149e-07 8.640e-01
76 IP 1 3.583e-09
76 IP 2 3.135e-09
76 IP 3 2.131e-09
76 IP 4 5.991e-01
76 IP 5 2.101e-09
76 IP 6 2.105e-09
76 IP 7 2.102e-09
76 IP 8 2.159e-09
76 IP 9 4.009e-01
76 IP 10 2.101e-09
76 IP 11 2.427e-09
76 IP 12 3.921e-08
76 IP 13 2.111e-09
76 IP 14 1.037e-08
76 EP 1 1.000e+00 1.373e-05 1.372e-10 8.614e-11
76 EP 2 9.804e-01 1.306e-02 1.939e-10 6.567e-03
76 EP 3 2.535e-02 9.746e-01 1.299e-09 6.665e-10
76 EP 4 9.323e-01 2.701e-02 5.322e-03 3.533e-02
76 EP 5 5.213e-09 1.342e-05 1.000e+00 2.015e-10
76 EP 6 1.648e-03 9.984e-01 1.501e-09 7.974e-10
76 EP 7 8.778e-04 2.583e-05 7.141e-11 9.991e-01
76 EP 8 3.218e-02 1.346e-01 1.860e-10 8.333e-01
76 EP 9 9.805e-01 1.952e-02 2.297e-10 1.444e-10
76 EP 10 4.975e-07 4.080e-08 4.668e-01 5.332e-01
76 EP 11 9.124e-01 8.757e-02 2.245e-08 2.880e-10
76 EP 12 9.446e-01 3.098e-02 2.442e-02 1.051e-10
76 EP 13 6.164e-03 2.340e-03 9.915e-01 1.205e-10
76 EP 14 9.442e-01 5.579e-02 4.317e-11 2.580e-09
76 TP 1 3.716e-01 1.352e-08 1.663e-01 1.663e-02 2.778e-02 2.530e-02 7.803e-02 8.921e-02 5.787e-03 4.684e-11 7.391e-06 3.966e-02 1.316e-01 4.811e-02
76 TP 2 9.636e-02 1.001e-01 1.886e-04 1.342e-02 4.471e-08 1.410e-01 1.797e-01 3.419e-01 6.620e-02 3.018e-02 2.052e-02 2.066e-03 7.477e-08 8.472e-03
76 TP 3 4.725e-01 1.529e-04 7.532e-02 1.055e-08 5.491e-09 9.990e-02 3.149e-02 6.392e-02 8.893e-02 9.304e-11 1.606e-03 6.647e-05 9.457e-02 7.158e-02
76 TP 4 2.661e-02 2.044e-06 7.456e-10 9.105e-01 1.238e-09 2.337e-09 3.738e-04 1.106e-09 4.954e-02 7.261e-11 1.801e-03 1.059e-02 9.453e-10 6.167e-04
76 TP 5 1.219e-01 2.460e-08 2.038e-09 4.257e-09 3.727e-01 5.180e-03 7.099e-10 3.159e-03 2.269e-01 1.977e-10 1.240e-08 6.790e-07 1.652e-01 1.050e-01
76 TP 6 1.567e-01 2.250e-09 1.613e-08 2.461e-04 9.406e-10 3.373e-02 5.005e-07 8.954e-07 7.097e-01 1.354e-10 1.673e-04 3.238e-02 7.251e-07 6.706e-02
76 TP 7 5.338e-02 7.615e-02 7.672e-05 1.013e-02 2.270e-10 7.581e-03 3.895e-01 5.836e-02 2.590e-01 8.170e-03 1.380e-02 1.513e-08 1.378e-10 1.238e-01
76 TP 8 7.544e-02 8.335e-02 6.553e-03 1.319e-06 1.455e-10 4.600e-02 4.711e-04 1.213e-01 1.081e-01 1.919e-03 4.326e-05 5.294e-09 1.001e-10 5.568e-01
76 TP 9 2.047e-01 6.634e-08 4.263e-07 1.158e-02 2.070e-09 9.349e-02 5.949e-09 7.634e-07 4.945e-01 5.440e-11 3.197e-07 8.676e-02 3.179e-04 1.087e-01
76 TP 10 2.233e-08 7.877e-09 6.805e-09 1.138e-08 1.059e-01 8.081e-09 3.358e-09 3.941e-09 1.787e-08 4.311e-09 2.591e-01 2.605e-08 6.350e-01 1.238e-08
76 TP 11 5.494e-08 8.835e-09 5.259e-08 1.107e-04 3.964e-08 2.153e-01 8.718e-03 1.869e-08 3.505e-08 6.633e-10 8.006e-02 6.205e-05 6.957e-01 2.670e-08
76 TP 12 8.545e-02 8.362e-10 2.534e-02 2.233e-02 6.721e-05 7.738e-09 1.987e-08 1.262e-09 1.244e-06 3.056e-11 2.008e-04 7.313e-01 3.987e-02 9.541e-02
76 TP 13 1.164e-01 1.933e-09 2.966e-03 4.321e-07 5.775e-02 6.338e-02 9.274e-04 1.626e-03 2.874e-01 4.738e-11 7.720e-02 1.832e-01 1.538e-01 5.523e-02
76 TP 14 7.424e-02 1.540e-07 1.882e-02 2.662e-04 1.258e-03 2.586e-07 4.520e-02 9.823e-02 2.889e-04 4.201e-11 2.682e-06 8.985e-02 2.302e-03 6.695e-01
77 IP 1 2.610e-09
77 IP 2 4.043e-09
77 IP 3 2.609e-09
77 IP 4 2.604e-09
77 IP 5 6.155e-09
77 IP 6 1.633e-08
77 IP 7 2.702e-09
77 IP 8 2.606e-09
77 IP 9 7.553e-08
77 IP 10 1.000e+00
77 IP 11 2.614e-09
77 IP 12 7.618e-09
77 EP 1 2.683e-03 9.017e-03 3.781e-10 9.883e-01
77 EP 2 1.000e+00 1.061e-05 5.886e-11 2.028e-10
77 EP 3 2.881e-03 3.154e-05 9.971e-01 1.022e-10
77 EP 4 4.134e-06 4.770e-08 6.282e-01 3.718e-01
77 EP 5 5.706e-01 1.712e-02 4.123e-01 4.499e-10
77 EP 6 9.257e-01 7.423e-02 5.965e-05 5.010e-11
77 EP 7 6.188e-02 9.381e-01 5.266e-10 1.138e-09
77 EP 8 7.538e-04 9.992e-01 6.526e-10 1.323e-09
77 EP 9 9.461e-01 5.387e-02 1.958e-10 4.820e-10
77 EP 10 9.552e-01 2.602e-02 4.129e-04 1.840e-02
77 EP 11 6.512e-03 3.868e-08 7.795e-11 9.935e-01
77 EP 12 7.963e-01 4.803e-02 3.087e-11 1.557e-01
77 TP 1 1.089e-08 1.097e-02 7.633e-04 8.691e-11 1.492e-10 6.606e-09 6.561e-09 5.325e-02 6.369e-02 2.174e-02 8.276e-03 8.413e-01
77 TP 2 1.725e-01 2.752e-01 1.079e-01 7.701e-11 1.162e-01 1.335e-02 1.937e-01 1.193e-03 1.850e-02 1.472e-02 8.423e-02 2.629e-03
77 TP 3 1.240e-10 8.438e-02 3.507e-01 4.006e-03 1.494e-03 3.913e-01 7.614e-10 1.658e-02 1.515e-01 2.354e-09 1.309e-10 5.012e-10
77 TP 4 1.456e-01 7.421e-01 9.722e-09 1.679e-08 1.084e-08 2.030e-08 3.930e-08 3.484e-08 2.894e-08 2.063e-08 1.123e-01 5.376e-08
77 TP 5 2.358e-10 3.570e-02 1.909e-04 6.722e-10 7.793e-02 8.150e-01 8.360e-05 4.329e-02 1.290e-02 1.488e-02 2.652e-10 1.020e-09
77 TP 6 4.659e-09 9.795e-02 5.475e-02 3.898e-03 1.253e-01 2.739e-01 1.623e-08 7.186e-02 1.014e-01 2.642e-01 6.748e-03 5.646e-08
77 TP 7 8.803e-02 3.616e-01 4.557e-02 2.204e-09 9.728e-02 1.869e-01 6.983e-02 1.029e-01 1.624e-02 1.672e-05 3.164e-02 4.629e-06
77 TP 8 1.244e-02 1.101e-01 1.176e-09 4.224e-10 5.793e-03 8.785e-02 3.808e-09 1.324e-07 6.868e-01 9.699e-02 2.891e-09 1.494e-05
77 TP 9 2.867e-03 2.260e-01 1.612e-08 7.898e-11 1.982e-04 1.068e-03 2.124e-02 6.180e-02 6.560e-01 1.830e-02 1.107e-02 1.401e-03
77 TP 10 5.445e-07 1.156e-01 8.950e-10 3.495e-11 2.335e-02 3.074e-03 1.235e-05 9.040e-08 1.029e-03 8.569e-01 6.937e-10 8.419e-05
77 TP 11 9.320e-06 5.836e-02 4.036e-03 1.028e-10 2.473e-10 2.667e-07 6.715e-10 2.784e-09 1.149e-01 1.096e-04 3.840e-01 4.386e-01
77 TP 12 4.402e-02 1.077e-01 2.230e-02 1.034e-10 2.370e-06 7.604e-03 1.010e-02 6.062e-02 1.523e-01 1.711e-01 4.009e-02 3.842e-01
78 IP 1 3.107e-09
78 IP 2 4.386e-09
78 IP 3 1.547e-08
78 IP 4 3.181e-09
78 IP 5 3.116e-09
78 IP 6 1.332e-08
78 IP 7 3.158e-09
78 IP 8 3.108e-09
78 IP 9 3.025e-01
78 IP 10 6.975e-01
78 IP 11 3.216e-09
78 IP 12 2.655e-08
78 EP 1 3.359e-04 2.103e-05 2.614e-10 9.996e-01
78 EP 2 7.504e-01 5.979e-02 5.909e-11 1.898e-01
78 EP 3 1.000e+00 1.881e-05 1.814e-10 6.783e-11
78 EP 4 4.545e-02 3.174e-02 9.228e-01 1.517e-10
78 EP 5 3.462e-03 1.336e-06 9.965e-01 3.565e-10
78 EP 6 8.107e-01 2.565e-02 1.637e-01 7.559e-11
78 EP 7 1.985e-02 9.802e-01 1.029e-09 6.243e-10
78 EP 8 6.650e-04 9.993e-01 9.092e-10 1.305e-09
78 EP 9 9.722e-01 2.778e-02 1.231e-10 3.071e-10
78 EP 10 9.622e-01 1.715e-02 1.025e-08 2.068e-02
78 EP 11 5.443e-02 4.495e-09 1.085e-10 9.456e-01
78 EP 12 9.870e-01 1.296e-02 2.269e-10 6.084e-09
78 TP 1 8.298e-05 3.483e-08 5.757e-02 2.383e-09 1.349e-10 5.786e-10 1.346e-02 5.910e-02 5.055e-01 1.040e-01 1.367e-01 1.235e-01
78 TP 2 2.432e-01 5.798e-01 4.717e-02 1.697e-09 2.891e-10 1.174e-09 7.501e-08 7.596e-09 5.898e-06 9.125e-07 6.240e-02 6.740e-02
78 TP 3 3.315e-02 4.273e-02 4.669e-01 2.295e-02 8.976e-02 2.515e-02 1.240e-01 2.530e-02 6.581e-02 9.253e-02 1.132e-02 3.939e-04
78 TP 4 1.313e-10 2.363e-09 1.245e-01 3.359e-01 9.791e-02 3.930e-01 1.168e-09 3.667e-09 2.376e-05 3.871e-09 1.395e-10 4.863e-02
78 TP 5 8.478e-11 1.621e-03 1.685e-01 6.309e-02 2.008e-03 4.952e-01 1.161e-02 5.215e-02 2.030e-01 7.838e-04 9.877e-11 2.045e-03
78 TP 6 7.038e-10 7.567e-02 1.110e-01 2.173e-02 2.939e-02 3.892e-01 2.102e-09 8.981e-02 2.021e-01 8.108e-02 7.494e-10 1.918e-09
78 TP 7 4.713e-02 9.657e-02 5.887e-01 1.605e-02 6.086e-02 1.310e-08 6.322e-02 8.943e-02 3.359e-04 5.760e-08 3.237e-09 3.770e-02
78 TP 8 2.555e-09 6.085e-05 1.690e-01 1.577e-09 3.320e-03 5.181e-03 1.630e-09 4.163e-02 6.919e-01 5.419e-05 1.501e-09 8.885e-02
78 TP 9 1.702e-04 5.604e-02 2.545e-01 2.798e-07 1.489e-09 1.206e-02 3.822e-02 2.684e-03 6.097e-01 2.653e-02 3.101e-05 7.641e-08
78 TP 10 1.160e-02 1.065e-02 1.554e-01 6.006e-10 1.389e-06 1.949e-08 6.541e-10 1.005e-08 3.082e-06 8.223e-01 1.012e-07 1.186e-09
78 TP 11 2.715e-07 7.906e-02 1.787e-01 2.031e-02 9.662e-10 2.480e-09 2.888e-09 3.265e-02 2.409e-01 3.319e-02 3.667e-01 4.847e-02
78 TP 12 1.607e-01 2.851e-02 9.028e-04 8.367e-02 8.341e-08 1.192e-07 3.602e-04 3.774e-01 1.625e-04 1.552e-08 1.066e-01 2.417e-01
79 IP 1 3.066e-08
79 IP 2 2.477e-01
79 IP 3 4.567e-09
79 IP 4 4.566e-09
79 IP 5 4.566e-09
79 IP 6 1.043e-08
79 IP 7 5.132e-09
79 IP 8 4.763e-09
79 IP 9 4.648e-09
79 IP 10 7.523e-01
79 EP 1 9.996e-01 4.065e-04 3.537e-10 4.775e-11
79 EP 2 8.695e-01 1.305e-01 2.507e-10 1.341e-10
79 EP 3 1.704e-04 9.998e-01 1.452e-09 4.413e-10
79 EP 4 1.167e-06 3.013e-01 1.788e-10 6.987e-01
79 EP 5 3.018e-08 2.435e-02 9.757e-01 1.937e-10
79 EP 6 9.807e-01 9.465e-10 5.473e-11 1.927e-02
79 EP 7 1.879e-01 7.920e-09 1.032e-10 8.121e-01
79 EP 8 7.648e-01 2.482e-02 2.104e-01 1.075e-10
79 EP 9 1.699e-02 1.586e-07 9.830e-01 2.093e-10
79 EP 10 9.617e-01 1.128e-02 1.394e-10 2.703e-02
79 TP 1 4.184e-01 7.602e-04 1.182e-01 1.632e-02 1.082e-02 2.474e-02 2.915e-02 2.329e-02 8.519e-02 2.731e-01
79 TP 2 2.520e-01 6.626e-01 9.087e-09 1.745e-07 1.185e-03 8.420e-02 1.172e-09 9.399e-09 2.643e-09 2.091e-07
79 TP 3 3.248e-01 2.228e-01 8.146e-02 7.035e-02 7.678e-10 1.869e-01 8.746e-06 5.827e-02 5.536e-02 2.545e-09
79 TP 4 4.347e-02 2.881e-01 7.850e-03 1.266e-01 8.866e-11 2.815e-01 7.056e-02 1.645e-09 8.687e-11 1.820e-01
79 TP 5 8.600e-02 1.920e-05 3.576e-07 8.787e-04 3.340e-01 2.099e-01 4.860e-08 2.945e-04 3.684e-01 4.466e-04
79 TP 6 5.805e-03 2.407e-08 1.187e-01 2.738e-01 9.161e-07 4.742e-01 9.373e-02 3.370e-02 1.559e-09 3.205e-07
79 TP 7 1.239e-02 2.265e-01 1.040e-05 2.926e-02 3.265e-10 1.248e-01 4.496e-01 3.741e-02 4.072e-03 1.159e-01
79 TP 8 2.611e-02 1.523e-06 4.110e-09 1.415e-09 1.930e-01 1.027e-08 1.670e-09 2.450e-01 5.359e-01 4.595e-07
79 TP 9 3.791e-01 5.016e-01 2.288e-02 1.040e-09 8.281e-03 1.356e-06 1.856e-03 4.611e-02 4.011e-02 1.159e-05
79 TP 10 1.897e-01 3.770e-04 9.519e-06 1.498e-02 2.294e-10 3.090e-02 3.503e-03 9.364e-06 1.668e-10 7.605e-01
80 IP 1 4.219e-09
80 IP 2 5.919e-09
80 IP 3 4.308e-08
80 IP 4 4.350e-09
80 IP 5 1.000e+00
80 IP 6 6.182e-09
80 IP 7 4.223e-09
80 IP 8 4.275e-09
80 IP 9 4.219e-09
80 IP 10 4.812e-09
80 EP 1 3.704e-06 1.019e-07 2.376e-10 1.000e+00
80 EP 2 9.030e-01 5.073e-02 4.076e-11 4.632e-02
80 EP 3 9.998e-01 2.341e-04 2.133e-10 5.583e-10
80 EP 4 1.245e-01 9.075e-03 8.664e-01 2.473e-10
80 EP 5 9.795e-01 2.050e-02 1.939e-10 3.516e-09
80 EP 6 7.781e-01 5.468e-02 1.672e-01 5.868e-11
80 EP 7 9.572e-04 1.158e-02 9.875e-01 4.883e-10
80 EP 8 1.947e-02 9.805e-01 1.410e-09 1.880e-09
80 EP 9 6.038e-08 1.000e+00 1.302e-09 1.318e-08
80 EP 10 1.914e-01 9.556e-04 1.035e-10 8.077e-01
80 TP 1 2.959e-08 1.176e-01 1.724e-01 8.697e-04 4.717e-01 2.335e-08 5.272e-11 5.589e-03 4.666e-02 1.852e-01
80 TP 2 4.015e-01 4.531e-01 4.942e-02 5.399e-09 1.229e-02 1.587e-02 4.557e-10 2.749e-02 8.010e-08 4.027e-02
80 TP 3 6.215e-04 7.405e-02 5.408e-01 2.292e-02 2.464e-02 4.106e-02 1.285e-02 7.226e-02 1.701e-01 4.065e-02
80 TP 4 9.641e-04 3.374e-02 1.360e-01 2.727e-01 1.459e-08 1.201e-01 4.365e-01 3.981e-09 1.075e-04 6.081e-09
80 TP 5 2.393e-08 5.785e-02 1.418e-02 1.458e-09 8.542e-01 3.662e-02 9.555e-03 1.719e-02 1.039e-02 1.703e-07
80 TP 6 6.713e-10 1.143e-06 1.034e-02 2.719e-07 1.651e-01 4.818e-01 3.272e-01 1.550e-02 1.007e-08 7.117e-10
80 TP 7 1.082e-04 4.929e-02 2.579e-01 8.243e-02 5.262e-01 2.617e-05 1.497e-02 3.121e-09 6.906e-02 9.368e-09
80 TP 8 6.898e-02 2.254e-01 2.607e-01 3.546e-09 1.896e-04 2.162e-01 3.453e-02 4.254e-02 1.515e-01 1.289e-08
80 TP 9 2.346e-08 3.510e-02 3.821e-01 5.840e-10 5.255e-01 3.370e-03 5.043e-08 1.759e-08 5.389e-02 4.269e-09
80 TP 10 5.514e-03 9.178e-02 1.736e-01 7.014e-03 2.676e-01 2.484e-02 1.644e-03 1.162e-06 3.577e-02 3.922e-01
81 IP 1 2.156e-08
81 IP 2 4.453e-09
81 IP 3 5.766e-08
81 IP 4 4.444e-09
81 IP 5 9.992e-01
81 IP 6 7.620e-09
81 IP 7 1.033e-08
81 IP 8 7.714e-04
81 IP 9 4.598e-09
81 IP 10 4.705e-09
81 IP 11 4.445e-09
81 IP 12 4.445e-09
81 EP 1 9.999e-01 5.172e-05 2.499e-10 3.894e-10
81 EP 2 2.235e-03 3.070e-06 1.858e-10 9.978e-01
81 EP 3 8.321e-01 1.679e-01 1.210e-10 4.996e-10
81 EP 4 5.738e-06 1.000e+00 7.046e-10 7.866e-10
81 EP 5 9.792e-01 2.083e-02 2.377e-10 2.183e-10
81 EP 6 9.415e-01 9.464e-06 4.066e-10 5.848e-02
81 EP 7 7.725e-01 4.520e-02 5.439e-11 1.823e-01
81 EP 8 9.661e-01 1.504e-02 1.926e-10 1.881e-02
81 EP 9 6.991e-02 1.234e-09 1.648e-10 9.301e-01
81 EP 10 8.859e-01 3.362e-02 8.051e-02 5.032e-11
81 EP 11 1.912e-04 1.654e-02 9.833e-01 1.404e-10
81 EP 12 1.053e-04 4.180e-05 9.999e-01 1.027e-09
81 TP 1 1.455e-01 1.281e-01 2.527e-03 5.508e-01 1.597e-03 2.475e-03 1.209e-03 6.601e-03 6.480e-02 2.830e-02 6.747e-02 6.663e-04
81 TP 2 4.204e-02 3.468e-02 2.848e-01 9.769e-03 4.205e-02 1.043e-06 4.439e-01 8.581e-02 5.349e-02 3.461e-03 1.001e-10 4.497e-11
81 TP 3 1.236e-01 2.021e-03 3.233e-01 4.588e-09 4.887e-01 3.042e-02 1.005e-02 2.186e-02 5.924e-08 1.933e-07 8.835e-10 5.982e-10
81 TP 4 1.406e-01 6.297e-02 3.422e-01 6.983e-02 1.550e-01 1.263e-01 1.164e-08 1.771e-04 1.220e-09 7.055e-02 1.106e-02 2.127e-02
81 TP 5 5.387e-02 2.710e-08 1.985e-04 1.901e-06 6.875e-01 7.366e-02 1.398e-05 1.468e-01 1.335e-09 3.782e-02 4.518e-05 6.925e-05
81 TP 6 3.728e-01 3.509e-01 1.906e-08 6.707e-09 2.112e-08 1.930e-01 5.563e-02 2.760e-02 2.242e-08 2.189e-07 2.075e-09 6.828e-10
81 TP 7 3.616e-02 1.154e-01 2.575e-01 2.513e-05 1.462e-03 2.368e-03 5.340e-01 3.655e-05 1.670e-03 3.321e-02 1.816e-02 1.537e-09
81 TP 8 1.434e-02 2.085e-02 2.577e-06 2.560e-02 5.936e-03 8.031e-05 1.277e-09 9.020e-01 5.825e-03 2.536e-02 1.528e-10 5.894e-10
81 TP 9 7.195e-02 1.012e-01 2.456e-02 1.787e-08 2.153e-01 2.639e-05 1.107e-01 4.979e-02 4.039e-01 1.869e-02 3.893e-03 5.625e-10
81 TP 10 1.220e-03 1.052e-09 1.529e-08 1.538e-06 3.196e-08 5.386e-09 2.936e-09 5.675e-08 1.027e-09 3.376e-01 2.235e-01 4.377e-01
81 TP 11 1.022e-01 1.913e-03 2.096e-01 2.584e-03 2.314e-01 2.384e-02 8.833e-08 1.021e-03 6.471e-10 6.343e-02 3.640e-01 5.724e-06
81 TP 12 9.480e-02 5.235e-04 3.605e-01 2.701e-02 4.458e-01 4.527e-09 2.243e-08 3.966e-08 2.964e-04 7.009e-02 4.484e-04 5.092e-04
82 IP 1 2.966e-08
82 IP 2 4.456e-09
82 IP 3 4.800e-09
82 IP 4 1.000e+00
82 IP 5 1.367e-08
82 IP 6 5.314e-09
82 IP 7 4.524e-09
82 IP 8 4.450e-09
82 IP 9 1.592e-08
82 IP 10 4.535e-09
82 EP 1 1.000e+00 1.183e-07 2.038e-10 1.009e-10
82 EP 2 2.840e-03 1.011e-01 1.526e-10 8.961e-01
82 EP 3 8.543e-02 3.259e-01 5.887e-01 5.171e-10
82 EP 4 1.000e+00 1.411e-07 4.113e-11 2.265e-10
82 EP 5 8.615e-01 6.511e-07 4.743e-11 1.385e-01
82 EP 6 1.595e-01 8.405e-01 1.377e-09 1.609e-09
82 EP 7 4.021e-02 4.839e-09 1.639e-10 9.598e-01
82 EP 8 1.373e-03 9.986e-01 4.934e-10 2.172e-09
82 EP 9 7.865e-01 6.607e-02 1.474e-01 9.813e-11
82 EP 10 3.331e-02 1.697e-09 9.667e-01 1.591e-10
